  1  1 2000  2 34 36 41 43 45  4 
  1  5 2000  3 12 22 35 40 47 19 
  1  8 2000  6 16 27 30 34 35 13 
  1 12 2000  6 14 20 32 37 44 24 
  1 15 2000  1  9 15 26 47 48 13 
  1 19 2000  2  6 27 40 41 47 37 
  1 22 2000  4 14 18 36 39 44 11 
  1 26 2000 12 17 25 44 45 47 43 
  1 29 2000  6  7 22 33 36 40  9 
  2  2 2000  8 20 34 36 41 43 31 
  2  5 2000  4 20 24 44 46 47 14 
  2  9 2000  3 11 16 24 36 49 45 
  2 12 2000  7 22 25 35 40 42 11 
  2 16 2000 11 18 25 28 34 44 14 
  2 19 2000  7  9 13 25 27 47 14 
  2 23 2000  1  5 29 32 37 43 44 
  2 26 2000  3  5 10 41 43 45  8 
  3  1 2000  4 10 14 19 22 27 18 
  3  4 2000 10 14 16 19 23 36  2 
  3  8 2000 11 21 27 29 39 45 34 
  3 11 2000  3 12 26 34 37 41 38 
  3 15 2000  4  5 26 29 30 34 22 
  3 18 2000  4 16 19 26 35 43 47 
  3 22 2000  3  8 17 24 27 43 10 
  3 25 2000 10 30 31 35 43 44 46 
  3 29 2000 10 11 12 19 41 48 34 
  4  1 2000  3 16 32 39 46 49 19 
  4  5 2000  5  9 12 20 25 27 39 
  4  8 2000  5 10 24 27 30 45  2 
  4 12 2000 10 29 34 42 46 47 40 
  4 15 2000  1 18 25 41 47 48  3 
  4 19 2000 12 16 32 44 47 49 42 
  4 22 2000  7 14 20 24 28 39 31 
  4 26 2000  5 24 28 35 38 42 36 
  4 29 2000  1  6 19 25 33 48 27 
  5  3 2000 12 19 33 36 40 44 24 
  5  6 2000 11 12 19 34 36 45  6 
  5 10 2000 13 19 23 40 45 49 15 
  5 13 2000  2 10 11 27 33 37  7 
  5 17 2000  1 13 23 36 37 48 16 
  5 20 2000  3  5  8 14 27 31 18 
  5 24 2000 22 23 24 27 30 45 33 
  5 27 2000 11 14 18 27 30 42 22 
  5 31 2000  2  5 11 25 32 34 39 
  6  3 2000  4  8 18 32 38 45 30 
  6  7 2000  7 10 27 42 43 47 44 
  6 10 2000  1  4 16 22 32 37 33 
  6 14 2000  5  6 21 26 33 40 22 
  6 17 2000  5  7  9 33 41 48 43 
  6 21 2000 11 15 29 31 34 46  7 
  6 24 2000  1 17 21 27 40 44 36 
  6 28 2000  3 13 22 23 24 25  7 
  7  1 2000 10 15 17 20 31 44  4 
  7  5 2000 11 15 19 27 40 48 16 
  7  8 2000  5 10 12 38 40 41 11 
  7 12 2000 16 21 31 35 42 44 25 
  7 15 2000  4 20 28 34 42 49 25 
  7 19 2000 15 17 32 42 43 45  9 
  7 22 2000  1 12 18 23 42 47 26 
  7 26 2000  2  3 25 37 39 40 46 
  7 29 2000  5 12 19 35 37 43  2 
  8  2 2000  2  3 12 27 31 47 11 
  8  5 2000 11 33 37 40 45 46 17 
  8  9 2000  9 21 39 42 45 49 25 
  8 12 2000  3 13 14 18 29 40 48 
  8 16 2000 10 15 16 32 33 41  9 
  8 19 2000  2 11 14 22 25 34  6 
  8 23 2000  6  8 14 17 32 47 10 
  8 26 2000 10 23 35 41 43 47 16 
  8 30 2000 18 19 29 40 43 49 13 
  9  2 2000  4  6 12 27 28 46 18 
  9  6 2000 20 27 31 40 42 45 32 
  9  9 2000  9 11 19 22 24 42 12 
  9 13 2000  2 10 27 29 31 49 46 
  9 16 2000 15 20 36 37 46 49 45 
  9 20 2000  3  6 21 30 36 40 14 
  9 23 2000  2 20 22 31 37 49 27 
  9 27 2000  1 24 29 35 40 45 34 
  9 30 2000 15 18 20 24 31 41  1 
 10  4 2000  7 14 19 40 43 49 13 
 10  7 2000  6 24 25 40 41 44 16 
 10 11 2000  5  6 21 35 38 46 15 
 10 14 2000  1 10 14 19 38 45 18 
 10 18 2000  2  9 11 23 27 45 17 
 10 21 2000 38 43 44 45 46 47 17 
 10 25 2000  7 12 16 29 37 43 49 
 10 28 2000  3 10 23 40 43 46 42 
 11  1 2000  9 13 21 23 36 47 15 
 11  4 2000  5  6 11 20 25 47 34 
 11  8 2000 12 21 33 39 47 49 46 
 11 11 2000 21 26 29 42 44 49 33 
 11 15 2000 24 25 28 36 37 42 40 
 11 18 2000  5  9 23 28 29 48 26 
 11 22 2000  4 32 36 37 40 49 42 
 11 25 2000 12 23 24 31 45 46 33 
 11 29 2000  6 13 23 24 31 42 27 
 12  2 2000  3  6 20 24 36 47 34 
 12  6 2000  2 14 21 25 32 47 22 
 12  9 2000  9 19 21 30 38 40 33 
 12 13 2000 14 16 18 19 34 40 45 
 12 16 2000  4 17 27 33 34 45 42 
 12 20 2000 13 41 42 45 46 49 48 
 12 23 2000 11 15 24 30 31 33 25 
 12 27 2000  6  9 17 33 43 45 37 
 12 30 2000  7  9 17 27 31 48 41 
  1  3 2001  5  7 12 37 39 46 22 
  1  6 2001 17 30 37 41 43 48 34 
  1 10 2001 17 25 40 42 45 49 33 
  1 13 2001  3  5 33 40 45 46 21 
  1 17 2001  3  9 11 28 29 47 37 
  1 20 2001  4  9 10 19 26 36 30 
  1 24 2001 14 25 26 33 36 44  7 
  1 27 2001 26 30 32 37 41 47  8 
  1 31 2001  3 19 29 34 38 45 40 
  2  3 2001 15 17 21 22 43 45 34 
  2  7 2001  9 23 29 38 39 43 45 
  2 10 2001  9 11 36 38 46 47 12 
  2 14 2001 12 13 14 32 41 43  6 
  2 17 2001  9 13 27 28 38 42 20 
  2 21 2001  5 10 23 36 40 44 18 
  2 24 2001  5 12 25 34 35 45 36 
  2 28 2001  6  9 17 18 20 39 27 
  3  3 2001  1  2  4 18 28 35  8 
  3  7 2001 19 20 22 24 38 42 41 
  3 10 2001  5  7  8 12 23 28 39 
  3 14 2001  6 20 31 36 38 44  4 
  3 17 2001  9 17 19 22 29 37 24 
  3 21 2001  4 20 21 27 42 47 43 
  3 24 2001  1 27 31 33 35 47 41 
  3 28 2001 12 19 32 34 39 43 35 
  3 31 2001  1 12 13 28 32 44 47 
  4  4 2001  1 16 17 24 31 32 15 
  4  7 2001  2 11 25 27 40 44 28 
  4 11 2001  2  8 11 24 30 36  5 
  4 14 2001  3 12 14 30 33 40 36 
  4 18 2001 11 16 20 25 46 48  5 
  4 21 2001 16 17 19 27 30 37  6 
  4 25 2001 11 18 20 27 39 46 45 
  4 28 2001  9 15 26 28 33 39  8 
  5  2 2001  1 31 38 43 45 46 40 
  5  5 2001 19 20 23 39 40 43 47 
  5  9 2001  3  5  7 10 30 43 23 
  5 12 2001  3  6 25 26 42 44  2 
  5 16 2001 11 17 29 34 37 45 19 
  5 19 2001  7  8 18 29 34 44 37 
  5 23 2001  5  9 15 21 42 43 32 
  5 26 2001  2 19 25 30 41 45 21 
  5 30 2001  9 11 12 22 37 48  8 
  6  2 2001  5  6 11 17 29 37 32 
  6  6 2001  3 10 17 22 24 40 46 
  6  9 2001  1 14 23 25 30 41 43 
  6 13 2001  7 18 22 30 36 43 24 
  6 16 2001 14 19 20 21 24 28 32 
  6 20 2001  2  3 13 17 23 32 39 
  6 23 2001  3 15 24 36 42 47 49 
  6 27 2001  1  3 19 27 30 48 11 
  6 30 2001  3  8 15 32 46 48 44 
  7  4 2001  3  5  9 31 40 41 47 
  7  7 2001  5 17 29 31 33 46 20 
  7 11 2001  9 23 27 31 35 48  1 
  7 14 2001  8 21 25 35 40 41  5 
  7 18 2001  5 10 13 19 22 47 30 
  7 21 2001  1 11 22 27 33 49 10 
  7 25 2001  6  8 13 24 34 46 12 
  7 28 2001 15 26 29 41 46 48 23 
  8  1 2001  6 33 39 41 42 44 25 
  8  4 2001  1 11 15 33 36 49  5 
  8  8 2001 16 19 29 35 36 38 47 
  8 11 2001 12 14 16 23 24 45 11 
  8 15 2001 14 22 27 32 40 47 26 
  8 18 2001  5 19 26 29 40 42 14 
  8 22 2001  5 13 15 28 31 34 18 
  8 25 2001  1  7 18 23 29 43  4 
  8 29 2001  7  9 22 23 37 42 36 
  9  1 2001  7  8 18 23 47 48 49 
  9  5 2001  8  9 21 34 42 43  5 
  9  8 2001  4 22 25 27 39 45 31 
  9 12 2001  7 15 34 38 43 45 29 
  9 15 2001  4 22 24 32 42 43 18 
  9 19 2001 10 24 25 30 40 48 21 
  9 22 2001 10 19 27 29 33 36 23 
  9 26 2001  2  6 12 17 39 47  8 
  9 29 2001  2 11 16 18 21 33  5 
 10  3 2001 19 20 22 28 40 42  1 
 10  6 2001  1 18 27 28 43 47 11 
 10 10 2001  9 25 42 43 46 47 16 
 10 13 2001 14 17 22 32 36 49 16 
 10 17 2001 18 21 25 34 36 45 11 
 10 20 2001  9 10 22 38 43 44 20 
 10 24 2001  4 12 21 26 43 46 16 
 10 27 2001 18 21 25 26 32 48 38 
 10 31 2001 12 15 29 30 45 47  8 
 11  3 2001  4  8 14 26 29 43 16 
 11  7 2001  2  5 13 18 29 42 35 
 11 10 2001  3 13 17 26 33 35 23 
 11 14 2001  1 20 27 42 46 48 32 
 11 17 2001  4 15 21 31 41 49 43 
 11 21 2001  2  8 12 18 24 35 43 
 11 24 2001  2  7 21 33 39 46 15 
 11 28 2001  1 21 29 42 45 47  8 
 12  1 2001  2  3  6  7 18 36 14 
 12  5 2001 10 13 31 43 47 48 44 
 12  8 2001  2  3  4 18 28 43 15 
 12 12 2001 18 30 31 32 43 44 37 
 12 15 2001  1  8 18 31 34 37 27 
 12 19 2001 10 17 19 20 25 35 11 
 12 22 2001 14 27 34 38 44 45 24 
 12 26 2001  3  6  9 10 13 20 29 
 12 29 2001 25 26 34 36 43 46  9 
  1  2 2002  8  9 15 22 26 39 30 
  1  5 2002  4 19 20 35 41 46 27 
  1  9 2002  8 12 15 23 28 39 43 
  1 12 2002  1  7 13 30 34 36 38 
  1 16 2002 13 17 18 28 37 44 32 
  1 19 2002  7  9 22 35 40 47 36 
  1 23 2002  1  7  8 33 40 44 28 
  1 26 2002  3 27 31 34 35 40 22 
  1 30 2002  2  4  6 11 37 47 22 
  2  2 2002 11 17 22 26 43 48 27 
  2  6 2002  1  5 14 15 20 43 32 
  2  9 2002  7 14 20 30 35 36 10 
  2 13 2002  1  2  6 24 40 47  7 
  2 16 2002 16 29 34 40 46 48  3 
  2 20 2002  4 15 21 29 30 35  8 
  2 23 2002  7 28 38 39 44 48  6 
  2 27 2002  4  7 16 36 39 40 13 
  3  2 2002  3 11 13 28 40 47 16 
  3  6 2002  7 18 20 26 28 31 13 
  3  9 2002  4  6 16 38 44 45  9 
  3 13 2002 12 14 20 23 43 47  3 
  3 16 2002  2 17 24 26 35 47 41 
  3 20 2002  3 11 12 17 29 41 23 
  3 23 2002  2  4  9 31 36 40  3 
  3 27 2002 17 26 30 34 43 48 46 
  3 30 2002  1 18 26 34 42 48  7 
  4  3 2002  3  8 29 40 43 44 17 
  4  6 2002  1 11 14 18 20 38 37 
  4 10 2002  3  5 24 26 33 46 11 
  4 13 2002 15 27 35 38 44 46 23 
  4 17 2002 19 35 36 39 44 48 11 
  4 20 2002 18 20 27 32 34 36  3 
  4 24 2002  7 22 35 36 41 49 40 
  4 27 2002  3  8 12 36 40 47 21 
  5  1 2002  1  6 25 31 33 43 49 
  5  4 2002 15 23 38 39 44 49 18 
  5  8 2002  1 10 30 37 44 49 39 
  5 11 2002  9 33 36 40 46 47 35 
  5 15 2002  1  4 14 20 41 44  9 
  5 18 2002 13 15 24 34 42 47 23 
  5 22 2002  4  8  9 26 34 43 48 
  5 25 2002 12 28 31 34 36 42 30 
  5 29 2002  2  6  8 15 24 44 21 
  6  1 2002  7  8 12 37 46 48 41 
  6  5 2002  1  2  9 15 20 38 13 
  6  8 2002  2 12 19 38 43 48 13 
  6 12 2002  3  4 15 18 34 47 45 
  6 15 2002 20 29 38 39 42 46 23 
  6 19 2002  5 10 34 35 36 45 18 
  6 22 2002 12 15 18 23 24 46  9 
  6 26 2002  2 10 20 25 44 48 27 
  6 29 2002  8 22 41 43 48 49 46 
  7  3 2002 25 27 28 36 37 40 17 
  7  6 2002 10 21 23 28 31 39  7 
  7 10 2002  1  5  7 10 26 49 19 
  7 13 2002 19 27 29 30 40 45  4 
  7 17 2002  3 10 16 36 39 46 42 
  7 20 2002  9 26 28 30 37 41 11 
  7 24 2002  2  4  8 15 22 49 31 
  7 27 2002  1  5 13 22 28 43  9 
  7 31 2002  9 11 27 33 40 42 25 
  8  3 2002  4 14 24 27 30 40 38 
  8  7 2002  2 16 21 22 28 47 18 
  8 10 2002 13 16 18 27 43 45 25 
  8 14 2002 11 28 33 37 40 46 16 
  8 17 2002 14 20 22 41 43 49 16 
  8 21 2002  4  7 13 25 37 45 33 
  8 24 2002  2  7 21 43 44 46 29 
  8 28 2002  2 11 20 29 30 48 38 
  8 31 2002  6  7 10 11 14 47 28 
  9  4 2002  2  8 10 14 31 39 30 
  9  7 2002  3  4  8 12 24 28 31 
  9 11 2002  2  8 12 15 28 49 21 
  9 14 2002  6 16 23 31 34 39 24 
  9 18 2002  4 14 39 42 46 48 26 
  9 21 2002  3 19 29 34 35 36 11 
  9 25 2002  2 24 33 34 36 37 48 
  9 28 2002  5 16 17 31 38 45  1 
 10  2 2002  1 14 16 18 38 49 13 
 10  5 2002 12 13 16 20 24 26  1 
 10  9 2002 12 21 23 26 34 47  3 
 10 12 2002  6 18 23 24 28 46 38 
 10 16 2002  2 14 23 36 46 47 25 
 10 19 2002 10 14 20 28 32 40 33 
 10 23 2002  7 11 24 29 32 36 42 
 10 26 2002  5  6 14 29 33 47 43 
 10 30 2002  5  6 13 22 29 46  8 
 11  2 2002  4  8 11 21 27 48  3 
 11  6 2002  2  8 19 31 43 48 46 
 11  9 2002 12 13 30 31 44 49 45 
 11 13 2002  6  7 16 25 40 48 17 
 11 16 2002 20 24 26 27 33 41  8 
 11 20 2002 21 29 32 38 40 42 47 
 11 23 2002  7 10 15 19 24 29 25 
 11 27 2002  7  9 11 26 35 48 28 
 11 30 2002  1  2 12 30 37 43 47 
 12  4 2002  1  3  4 11 34 40 47 
 12  7 2002  1 14 26 30 33 38 21 
 12 11 2002  5  8 13 37 40 43 26 
 12 14 2002  7 19 21 30 36 44 39 
 12 18 2002 10 11 26 34 40 44  5 
 12 21 2002 26 29 35 45 48 49 27 
 12 25 2002  1 17 19 22 36 44 21 
 12 28 2002 12 14 15 27 28 39 34 
  1  1 2003  2  5 32 34 38 49  7 
  1  4 2003  5 13 21 30 37 46 18 
  1  8 2003  1  2 12 16 28 41 11 
  1 11 2003  5  9 26 28 32 41 40 
  1 15 2003 15 17 25 36 38 45 14 
  1 18 2003  4  6 11 25 30 44 21 
  1 22 2003 18 22 26 29 35 37 24 
  1 25 2003  9 14 17 32 39 49 36 
  1 29 2003  1  6 29 34 41 46 10 
  2  1 2003  1  5 29 43 44 48 16 
  2  5 2003  7  9 33 35 45 47 36 
  2  8 2003 15 23 24 28 30 41  5 
  2 12 2003  8 23 29 34 40 47  4 
  2 15 2003  3 11 12 25 32 38 36 
  2 19 2003  3 24 27 29 32 45  6 
  2 22 2003  2  6 17 34 46 48 49 
  2 26 2003  1  5 18 19 24 28 30 
  3  1 2003  5 17 22 34 40 47 45 
  3  5 2003  6  8 19 27 45 46 34 
  3  8 2003  8 20 22 24 33 44 30 
  3 12 2003 16 18 21 22 32 33  5 
  3 15 2003  7 15 29 33 40 45 39 
  3 19 2003  2 20 30 43 44 47  4 
  3 22 2003  5 24 31 37 38 47 10 
  3 26 2003  4  6  7 18 46 47 36 
  3 29 2003  5  7 18 30 37 46 19 
  4  2 2003  1 25 32 33 34 35  7 
  4  5 2003 15 21 31 36 44 49  5 
  4  9 2003  8 10 15 16 31 46 25 
  4 12 2003  5  7  9 25 28 48 27 
  4 16 2003  8 18 21 26 42 48 31 
  4 19 2003  4 12 40 43 48 49 27 
  4 23 2003  6  9 14 29 34 45 49 
  4 26 2003  3 17 20 30 32 35  6 
  4 30 2003  6  7 19 29 43 47 24 
  5  3 2003  5 12 31 35 37 46  9 
  5  7 2003  4 20 28 33 43 48  8 
  5 10 2003  5 13 15 20 24 42 41 
  5 14 2003  7 32 37 38 44 45 40 
  5 17 2003 11 17 29 39 41 48 25 
  5 21 2003  3  7 16 26 38 47 10 
  5 24 2003  6 12 15 25 31 47 46 
  5 28 2003  6 16 20 29 33 45 39 
  5 31 2003 14 18 22 23 31 45 32 
  6  4 2003 18 19 29 33 40 47 43 
  6  7 2003 17 20 23 30 40 47 11 
  6 11 2003  3  9 24 37 46 49 14 
  6 14 2003  7  8 21 22 27 29 47 
  6 18 2003  1 11 29 30 42 44 10 
  6 21 2003 12 22 25 34 39 40 32 
  6 25 2003 10 14 15 27 41 47 36 
  6 28 2003  7  9 19 20 25 44 34 
  7  2 2003  5  8 12 14 25 37  6 
  7  5 2003  4 15 26 37 41 45 40 
  7  9 2003  4  6  9 13 46 48 31 
  7 12 2003  4  8 13 21 29 35  3 
  7 16 2003 14 21 26 33 35 46 42 
  7 19 2003  4 13 33 36 41 47 46 
  7 23 2003  2  7 15 36 37 49  9 
  7 26 2003 11 22 26 35 41 46  8 
  7 30 2003  4  6 12 18 41 48  8 
  8  2 2003  6 13 23 26 33 34  7 
  8  6 2003  4 16 27 31 37 38 44 
  8  9 2003  5  7 10 13 27 29 43 
  8 13 2003  5  6 13 16 27 30 44 
  8 16 2003 11 15 17 19 32 39 30 
  8 20 2003 12 16 20 29 36 47 24 
  8 23 2003  2  6 19 27 35 47  1 
  8 27 2003  7 14 20 23 38 46 32 
  8 30 2003  3  6 37 38 45 47 11 
  9  3 2003 13 15 16 18 26 33  9 
  9  6 2003 11 27 41 45 46 49 22 
  9 10 2003  1 15 24 34 40 48 12 
  9 13 2003 12 21 26 37 43 49 25 
  9 17 2003  6 11 13 30 31 37 34 
  9 20 2003  1  6 23 35 36 39 18 
  9 24 2003  3  5 11 34 38 47 25 
  9 27 2003  7  8 16 37 43 44 15 
 10  1 2003  1 11 17 41 42 45 13 
 10  4 2003  3 28 29 32 37 45 34 
 10  8 2003  3 11 18 34 37 41  5 
 10 11 2003  6  9 21 25 27 32 13 
 10 15 2003  1 10 14 16 25 39 46 
 10 18 2003 10 25 26 38 46 49 37 
 10 22 2003 11 17 26 31 40 44 34 
 10 25 2003  8 13 16 19 33 49 26 
 10 29 2003  8  9 22 29 37 49 33 
 11  1 2003  8 18 29 31 41 43 34 
 11  5 2003  5  6 13 34 35 43 18 
 11  8 2003  2 23 28 43 47 49 29 
 11 12 2003  3  4 41 44 45 48 18 
 11 15 2003 18 27 33 34 44 47 42 
 11 19 2003  9 10 13 23 28 29 33 
 11 22 2003  2 16 25 34 37 48 13 
 11 26 2003  3  5  7 25 40 47 42 
 11 29 2003 13 17 26 27 29 45  6 
 12  3 2003  3 11 27 31 33 35  1 
 12  6 2003  7 21 31 38 42 48 14 
 12 10 2003  2 13 14 24 29 42 17 
 12 13 2003  5  7 10 30 34 35  1 
 12 17 2003  5 14 17 25 34 44 11 
 12 20 2003  4 18 20 31 39 48  9 
 12 24 2003  5 12 21 28 30 45 38 
 12 27 2003  5  9 17 31 37 44  3 
 12 31 2003 13 14 17 20 39 40 23 
  1  3 2004  9 13 24 36 44 45 30 
  1  7 2004  2  6 13 20 42 48 37 
  1 10 2004 13 16 18 21 32 33 26 
  1 14 2004  1  7 12 24 44 49  5 
  1 17 2004  2 12 25 40 41 47 14 
  1 21 2004  1  7 26 40 43 45 46 
  1 24 2004  3  8 17 20 26 47 38 
  1 28 2004  3 14 20 23 25 45 12 
  1 31 2004  1 20 23 36 38 49  7 
  2  4 2004  8 22 37 38 45 47 43 
  2  7 2004  3 14 26 27 35 44 28 
  2 11 2004  4 10 14 19 21 28 12 
  2 14 2004  1  5 12 17 31 44 36 
  2 18 2004 21 22 26 27 40 47  3 
  2 21 2004  4  5 26 33 38 44 49 
  2 25 2004  1  9 25 27 37 40 45 
  2 28 2004  3 15 17 26 27 46 38 
  3  3 2004  1  2  7 16 43 44 20 
  3  6 2004 12 17 25 26 43 44  2 
  3 10 2004  2 17 35 41 46 48  5 
  3 13 2004  9 27 32 38 39 49 46 
  3 17 2004  2 23 25 33 34 41  3 
  3 20 2004  9 13 21 25 38 41 33 
  3 24 2004  5 15 19 24 26 46 43 
  3 27 2004  7 19 31 43 45 49 36 
  3 31 2004  2  3 17 18 19 46 30 
  4  3 2004  3 17 22 25 40 46 27 
  4  7 2004  1 10 18 20 30 40 34 
  4 10 2004 20 33 36 45 46 47 39 
  4 14 2004  9 12 14 19 31 43 32 
  4 17 2004 11 13 18 20 24 29  8 
  4 21 2004 12 24 32 36 39 47 43 
  4 24 2004  4  6 15 22 23 27 25 
  4 28 2004 16 30 36 39 45 47 22 
  5  1 2004  8 21 24 26 34 38 14 
  5  5 2004  5 13 16 20 28 31  4 
  5  8 2004  4  7 24 39 43 44 23 
  5 12 2004  1 10 26 29 40 45 18 
  5 15 2004 21 24 30 32 40 41  7 
  5 19 2004  5 16 24 26 46 48 11 
  5 22 2004  1 11 12 15 32 46 20 
  5 26 2004 14 35 37 44 46 48 13 
  5 29 2004 24 29 30 31 34 46 38 
  6  2 2004  1  4 20 21 26 43  7 
  6  5 2004 12 13 17 26 43 45 11 
  6  9 2004  7 23 24 27 41 42 49 
  6 12 2004  4 10 28 29 30 46  2 
  6 16 2004  4 22 30 39 46 47 49 
  6 19 2004  1 33 40 41 45 48 46 
  6 23 2004  4  6 15 22 27 40 26 
  6 26 2004  1  7  8 10 18 36 42 
  6 30 2004  2 21 31 32 41 49  7 
  7  3 2004  1 11 14 20 31 40 26 
  7  7 2004  2  7 26 35 39 43 17 
  7 10 2004  4 26 30 31 48 49 23 
  7 14 2004  7 19 32 35 36 43 12 
  7 17 2004 10 18 23 26 41 43 42 
  7 21 2004 19 21 24 25 45 46 39 
  7 24 2004  6 13 17 19 24 29 35 
  7 28 2004  4  8 25 29 36 37 14 
  7 31 2004  3 21 31 40 43 49 23 
  8  4 2004  6  7  9 11 30 43  4 
  8  7 2004  3 12 23 30 36 37 35 
  8 11 2004  4 16 18 28 30 38 35 
  8 14 2004 13 29 31 36 37 42 25 
  8 18 2004  3  4 13 21 27 29 19 
  8 21 2004 28 30 31 37 39 46 34 
  8 25 2004  9 16 22 23 33 45 46 
  8 28 2004 17 19 23 24 28 38 12 
  9  1 2004  1  2 21 30 31 38 46 
  9  4 2004  2  4  5 44 46 47  3 
  9  8 2004 10 26 37 40 42 47  5 
  9 11 2004  7 10 21 29 32 43 27 
  9 15 2004  1  3 15 16 22 39 37 
  9 18 2004  7 11 15 39 42 48 40 
  9 22 2004 13 30 32 33 42 46  5 
  9 25 2004 15 17 20 21 44 47 26 
  9 29 2004 10 12 14 27 34 36 26 
 10  2 2004  4  9 14 27 35 48 32 
 10  6 2004 20 26 29 31 40 49 18 
 10  9 2004 16 23 33 35 43 49  6 
 10 13 2004  6 15 22 30 31 48  1 
 10 16 2004  1  3 11 40 42 48 35 
 10 20 2004  2  3 13 14 31 36  9 
 10 23 2004  1  8 13 24 27 43 36 
 10 27 2004 29 30 33 34 37 46 47 
 10 30 2004 18 26 29 39 43 45  9 
 11  3 2004 10 18 19 37 43 48 12 
 11  6 2004  1  6 16 34 37 41 12 
 11 10 2004  2  9 19 33 35 45 12 
 11 13 2004  4  6  7 17 31 36 27 
 11 17 2004 13 24 30 41 43 47 17 
 11 20 2004 28 30 38 44 45 48 18 
 11 24 2004 15 17 19 20 35 38 31 
 11 27 2004 12 15 30 38 47 48 27 
 12  1 2004  4 23 26 35 36 40 48 
 12  4 2004 16 24 26 30 39 42  6 
 12  8 2004  5 11 25 28 35 49 46 
 12 11 2004  2  9 40 43 47 48 39 
 12 15 2004  1 17 32 35 38 48 26 
 12 18 2004  3 18 27 32 37 40 42 
 12 22 2004 11 17 35 38 43 47 42 
 12 25 2004  4 13 16 32 35 37 34 
 12 29 2004  6 11 21 37 40 46 35 
  1  1 2005 10 16 17 34 40 47 41 
  1  5 2005  1  2 30 36 42 43 23 
  1  8 2005  3 15 18 19 32 48 17 
  1 12 2005  1 13 21 34 36 42  8 
  1 15 2005  1  8 27 33 34 42 21 
  1 19 2005  2  5 18 21 34 43 36 
  1 22 2005  8 10 33 41 42 45 35 
  1 26 2005  8  9 13 17 34 44 12 
  1 29 2005  4 24 26 37 41 43 11 
  2  2 2005  2  6  7 13 31 36 32 
  2  5 2005 11 17 26 31 46 48  1 
  2  9 2005 10 15 21 23 28 37 41 
  2 12 2005  5 12 16 26 37 43 40 
  2 16 2005  4  5 17 18 34 38  1 
  2 19 2005 12 16 27 35 39 41 24 
  2 23 2005  5  8 10 32 48 49 29 
  2 26 2005  4 12 22 37 43 49  8 
  3  2 2005  3 16 19 22 23 25 32 
  3  5 2005  6 12 20 21 24 43 22 
  3  9 2005  4 10 11 18 23 34 49 
  3 12 2005  6  7  8 30 34 43 19 
  3 16 2005  8 10 18 19 25 41 34 
  3 19 2005  2  9 12 30 35 46 37 
  3 23 2005  1 14 32 33 37 40  7 
  3 26 2005  2 19 27 32 41 43 24 
  3 30 2005  7 10 24 27 30 47 41 
  4  2 2005  4 12 24 25 38 41 11 
  4  6 2005  7  8 24 28 29 40 12 
  4  9 2005  7 10 11 47 48 49 26 
  4 13 2005 11 12 23 29 30 40  9 
  4 16 2005  2 11 16 31 33 41 17 
  4 20 2005  8  9 12 20 45 48 39 
  4 23 2005 18 19 23 29 33 45  8 
  4 27 2005  9 14 17 22 26 46  3 
  4 30 2005 10 11 18 21 32 42 19 
  5  4 2005 12 19 23 24 29 44 28 
  5  7 2005  6 26 28 30 33 34 49 
  5 11 2005  9 10 16 18 20 49 46 
  5 14 2005  5 11 20 23 27 28 42 
  5 18 2005  2  5  6 12 19 36  7 
  5 21 2005  1 21 23 27 40 45 38 
  5 25 2005 10 12 16 21 29 48  1 
  5 28 2005  6 12 17 28 37 46 11 
  6  1 2005  3 14 25 29 33 42 21 
  6  4 2005 11 16 18 19 21 23 41 
  6  8 2005  3  8 20 22 38 49  5 
  6 11 2005  3  4 11 28 30 45 16 
  6 15 2005  7 10 13 33 39 42 47 
  6 18 2005  5  6  7 36 38 46 20 
  6 22 2005  9 10 13 30 33 39 32 
  6 25 2005  2 10 11 17 26 44 25 
  6 29 2005 19 42 43 44 46 47 26 
  7  2 2005  2 18 22 38 39 44 10 
  7  6 2005  5  7 23 25 31 49 16 
  7  9 2005  3  8 10 23 26 28 22 
  7 13 2005  1  7  8 14 32 33 26 
  7 16 2005 14 22 23 32 43 49 34 
  7 20 2005  2  7 22 27 45 48 42 
  7 23 2005 12 22 25 30 33 38 17 
  7 27 2005  8 19 22 30 34 47 18 
  7 30 2005 10 16 21 29 38 45 25 
  8  3 2005  4  5  6 10 23 35 18 
  8  6 2005  6 22 28 36 41 48 24 
  8 10 2005  4 10 16 22 39 42 43 
  8 13 2005 10 17 21 40 44 45 39 
  8 17 2005  4  7 24 27 28 41 37 
  8 20 2005  4 14 17 23 26 38 47 
  8 24 2005  3 22 25 32 36 41  9 
  8 27 2005  2 32 39 42 45 46 49 
  8 31 2005  1 18 30 33 36 47 23 
  9  3 2005  8 12 22 37 42 46 24 
  9  7 2005  2  3 16 37 45 49 22 
  9 10 2005  6  8 26 33 35 42 41 
  9 14 2005  2  6 18 25 30 32 11 
  9 17 2005  4  7 13 33 40 47 37 
  9 21 2005 15 17 24 26 34 35  8 
  9 24 2005 15 20 32 39 40 47 30 
  9 28 2005  4 11 21 27 38 41 36 
 10  1 2005  9 14 19 23 43 45 20 
 10  5 2005  1 12 15 16 21 35 40 
 10  8 2005  5 13 15 17 24 27 29 
 10 12 2005 11 15 23 34 35 36 28 
 10 15 2005  1 20 31 32 45 46 39 
 10 19 2005 11 19 33 35 39 40 32 
 10 22 2005  3 21 25 26 31 40 41 
 10 26 2005  5 11 20 30 37 43 31 
 10 29 2005  4 14 19 25 26 49 21 
 11  2 2005  9 13 14 40 43 49 32 
 11  5 2005  4 30 39 42 45 46 38 
 11  9 2005  7 30 36 39 42 49  9 
 11 12 2005  1 14 24 30 35 45  9 
 11 16 2005 11 14 36 40 43 45 25 
 11 19 2005  1  6  8 11 23 46 13 
 11 23 2005  4  6 10 17 33 49 37 
 11 26 2005 15 21 31 35 41 46 22 
 11 30 2005  5 18 22 28 29 32 17 
 12  3 2005 16 19 21 25 35 45 24 
 12  7 2005  2  8 12 19 23 41 49 
 12 10 2005  6 18 23 37 40 45 48 
 12 14 2005  4 19 24 31 35 43  7 
 12 17 2005  4 13 18 19 42 43 45 
 12 21 2005  4  9 25 27 31 33 44 
 12 24 2005 16 17 18 23 28 33 27 
 12 28 2005  6  7 10 29 42 44 25 
 12 31 2005 10 13 31 33 34 35 22 
  1  4 2006  6 21 33 42 43 46 25 
  1  7 2006  5 20 28 30 41 42 16 
  1 11 2006 12 35 36 43 44 45 46 
  1 14 2006 11 29 35 36 44 48 30 
  1 18 2006  3  8  9 20 22 35  4 
  1 21 2006  3  5 10 21 30 37  8 
  1 25 2006  7 14 20 21 42 45 18 
  1 28 2006  9 19 22 33 37 46 35 
  2  1 2006  2 12 14 41 42 43 20 
  2  4 2006  2 16 17 29 39 41 11 
  2  8 2006 19 29 33 40 46 48 34 
  2 11 2006  5 21 29 30 36 45 49 
  2 15 2006 12 13 15 32 40 43 47 
  2 18 2006 17 20 24 28 31 41 25 
  2 22 2006  8 26 31 35 36 47 24 
  2 25 2006  7  9 13 23 26 47 28 
  3  1 2006  9 15 22 33 38 48 10 
  3  4 2006  7 28 35 40 42 48 46 
  3  8 2006 11 15 18 33 42 49 21 
  3 11 2006 12 13 19 20 21 29 38 
  3 15 2006  2  7 15 23 25 45 41 
  3 18 2006  1  6 31 37 44 45 19 
  3 22 2006  8 12 17 23 36 38 43 
  3 25 2006 17 23 24 33 35 41 47 
  3 29 2006  1 14 23 35 47 49  5 
  4  1 2006  4  6  8 12 34 38 14 
  4  5 2006 10 19 20 35 36 38 26 
  4  8 2006  1  6  8 10 15 20 34 
  4 12 2006 11 14 15 29 31 47 19 
  4 15 2006  2  3  9 21 26 29 42 
  4 19 2006  3  7 16 18 29 49 32 
  4 22 2006 21 22 23 24 48 49  3 
  4 26 2006  1 25 35 36 37 44 15 
  4 29 2006  4 29 35 40 43 45  9 
  5  3 2006  1 17 24 29 34 46 27 
  5  6 2006  6 28 30 31 34 48 47 
  5 10 2006  3 17 36 44 45 48  8 
  5 13 2006  2 10 11 16 42 43 21 
  5 17 2006  9 19 20 24 36 48 10 
  5 20 2006 15 18 22 31 43 49 26 
  5 24 2006  1 15 18 19 29 37  5 
  5 27 2006  9 15 18 34 35 45  6 
  5 31 2006 11 14 34 40 42 43  6 
  6  3 2006  8 20 21 27 36 48 11 
  6  7 2006 11 12 14 27 34 48  8 
  6 10 2006 18 23 32 34 41 46 49 
  6 14 2006 10 11 36 38 46 48 26 
  6 17 2006 11 14 20 25 31 36 48 
  6 21 2006  4 17 34 39 41 46 26 
  6 24 2006  2 20 26 29 37 45 17 
  6 28 2006  3  5 19 20 34 47 31 
  7  1 2006 11 19 36 41 46 49 38 
  7  5 2006  2 21 22 29 34 35  7 
  7  8 2006 11 14 29 33 42 44  7 
  7 12 2006  6 26 30 38 44 45 16 
  7 15 2006 13 17 21 33 41 42 38 
  7 19 2006  8 13 21 22 24 39  4 
  7 22 2006  2  6  9 20 43 44 46 
  7 26 2006  3  7 15 38 43 47 32 
  7 29 2006 13 16 21 42 46 49  8 
  8  2 2006  6 26 27 33 41 42 24 
  8  5 2006  2 13 19 25 30 32 40 
  8  9 2006 13 15 28 29 33 47 25 
  8 12 2006  3 10 21 23 33 44 43 
  8 16 2006  3  4  8 25 41 48 22 
  8 19 2006  9 10 19 43 47 49 29 
  8 23 2006  4  7 16 23 27 39  3 
  8 26 2006  1  9 10 24 32 35 39 
  8 30 2006  1  9 15 26 29 32 46 
  9  2 2006  3  9 10 14 17 19 12 
  9  6 2006  3  8 20 26 37 46 27 
  9  9 2006 13 22 31 32 34 48 26 
  9 13 2006 19 30 32 33 38 41 14 
  9 16 2006  5 13 14 29 39 40 34 
  9 20 2006 10 30 41 43 45 47 34 
  9 23 2006  6 11 19 20 32 39 38 
  9 27 2006 15 23 38 40 41 49  2 
  9 30 2006  1 10 18 24 31 46 19 
 10  4 2006 12 13 22 26 37 45 14 
 10  7 2006 15 20 33 37 39 45 13 
 10 11 2006  8 12 24 30 34 35 47 
 10 14 2006  9 14 22 45 47 49 25 
 10 18 2006  6 18 25 34 45 49 41 
 10 21 2006  2  4 25 29 41 43 38 
 10 25 2006  9 33 37 38 42 49 31 
 10 28 2006  1 10 26 38 39 47 45 
 11  1 2006  2 18 24 25 30 40 45 
 11  4 2006  6 23 30 33 37 41 17 
 11  8 2006  3  4 20 38 42 48 34 
 11 11 2006  3  5  6  7 26 40 16 
 11 15 2006  5  8 34 37 44 47 24 
 11 18 2006  1 11 22 25 39 41 44 
 11 22 2006  3  8 14 28 31 39 32 
 11 25 2006  1 18 20 23 41 47 37 
 11 29 2006  5  9 14 31 37 46  8 
 12  2 2006  8 32 33 43 46 49  1 
 12  6 2006  2  6 12 18 22 29  4 
 12  9 2006  4 11 18 20 29 44 24 
 12 13 2006  8 11 22 27 33 36  1 
 12 16 2006  7 22 24 30 38 46 41 
 12 20 2006  2  9 12 29 33 37 46 
 12 23 2006  4  6 19 22 23 45 43 
 12 27 2006  4  5 12 24 38 45 22 
 12 30 2006 10 14 18 40 45 49  1 
  1  3 2007  4 14 17 20 38 48  7 
  1  6 2007 19 20 33 43 45 47 38 
  1 10 2007  9 16 19 41 46 49  4 
  1 13 2007  1  2  3 19 25 41 31 
  1 17 2007  5  7  9 30 39 40 25 
  1 20 2007 24 40 45 47 48 49  7 
  1 24 2007  6 11 20 26 34 35  2 
  1 27 2007  6  9 17 20 22 40  7 
  1 31 2007  2  6  9 11 14 37 25 
  2  3 2007 10 13 24 27 37 39 14 
  2  7 2007  4  8 11 27 37 47 21 
  2 10 2007  8 13 23 37 41 42 26 
  2 14 2007 10 24 35 40 41 45 39 
  2 17 2007 13 20 31 36 43 46 19 
  2 21 2007  5  6 17 21 31 46 49 
  2 24 2007  4  6 15 33 38 40 13 
  2 28 2007  3  6 12 15 43 44 37 
  3  3 2007  3 21 27 37 43 44  9 
  3  7 2007  7  9 21 29 31 47 12 
  3 10 2007  9 18 28 37 42 49 24 
  3 14 2007 12 19 22 34 46 47 36 
  3 17 2007 13 21 23 27 28 34 31 
  3 21 2007  3  7 26 30 33 46 32 
  3 24 2007  1 13 19 26 32 46 28 
  3 28 2007  7 20 24 25 29 45 36 
  3 31 2007  4  9 16 32 37 41  5 
  4  4 2007  5 16 21 25 40 48 31 
  4  7 2007 10 12 23 26 35 37 47 
  4 11 2007  6 10 21 24 38 48 26 
  4 14 2007  6 15 22 26 41 49  9 
  4 18 2007 14 22 25 30 44 48  1 
  4 21 2007 17 29 33 43 45 49 18 
  4 25 2007  3  6 12 19 24 29 40 
  4 28 2007  3 19 20 23 35 38 48 
  5  2 2007 22 24 32 33 37 41 46 
  5  5 2007  1 23 26 28 33 40 10 
  5  9 2007 11 17 27 32 39 49 19 
  5 12 2007  5  7 13 27 45 47 11 
  5 16 2007 11 14 31 33 37 45  9 
  5 19 2007  8 16 33 37 40 42 35 
  5 23 2007  4 13 19 23 33 48 16 
  5 26 2007  6 17 29 32 36 47 37 
  5 30 2007  3 16 20 27 34 35 38 
  6  2 2007  8 16 19 32 40 46 28 
  6  6 2007  2 11 24 31 39 49  9 
  6  9 2007 10 20 25 41 44 46  6 
  6 13 2007  2 10 19 36 40 48 18 
  6 16 2007  3 15 31 33 43 48 24 
  6 20 2007  4  7 13 41 44 47 19 
  6 23 2007  7 20 24 37 43 49 21 
  6 27 2007  7 14 17 19 34 37 11 
  6 30 2007  6 12 25 43 45 47 31 
  7  4 2007 20 25 26 39 42 44 10 
  7  7 2007 10 19 25 31 37 40  1 
  7 11 2007  4 14 21 29 36 41 46 
  7 14 2007 10 27 33 38 40 49 21 
  7 18 2007  2  3 18 31 38 46 17 
  7 21 2007  9 10 22 29 38 41 11 
  7 25 2007  8 11 12 18 40 42 17 
  7 28 2007  1  5 17 32 39 45 40 
  8  1 2007  7 21 23 37 43 48 35 
  8  4 2007  9 17 18 20 41 49 46 
  8  8 2007  2 15 28 41 42 46  3 
  8 11 2007  1 17 23 34 37 49 13 
  8 15 2007  3 16 22 27 28 32  5 
  8 18 2007  2 12 32 34 38 48 43 
  8 22 2007  2  7 18 32 36 43 22 
  8 25 2007  9 19 31 35 39 42  1 
  8 29 2007  7 21 22 24 30 31 29 
  9  1 2007 11 17 18 28 31 46 42 
  9  5 2007 17 18 20 22 25 36 11 
  9  8 2007  3  8 16 20 24 25 23 
  9 12 2007 10 11 16 21 24 38 23 
  9 15 2007  9 39 40 43 46 48 24 
  9 19 2007  5 17 24 36 41 49 39 
  9 22 2007  5  8 12 15 39 47 40 
  9 26 2007 21 25 32 35 40 47  6 
  9 29 2007  9 19 26 29 39 45 33 
 10  3 2007  3 17 18 24 31 32 42 
 10  6 2007  5 15 30 35 41 48  6 
 10 10 2007  9 37 39 45 47 48  4 
 10 13 2007  1 26 30 32 39 47 21 
 10 17 2007 12 24 33 36 39 45 28 
 10 20 2007  7  8 13 26 32 35 41 
 10 24 2007  8  9 31 42 45 49 19 
 10 27 2007 12 13 17 34 40 47  9 
 10 31 2007  2  8 23 25 33 48 43 
 11  3 2007  8 23 33 40 46 49 37 
 11  7 2007  4 12 24 25 37 49 33 
 11 10 2007  3 13 14 17 20 42 40 
 11 14 2007  3 15 24 25 40 44 39 
 11 17 2007 14 17 27 41 47 48 24 
 11 21 2007  2 10 13 15 28 41 38 
 11 24 2007  1 10 25 27 30 36 41 
 11 28 2007  7 13 27 37 40 46 11 
 12  1 2007 16 21 31 40 43 45 37 
 12  5 2007  1  2 23 29 30 42 12 
 12  8 2007  2  9 11 22 35 45 31 
 12 12 2007  6 24 31 32 34 39 22 
 12 15 2007  3 11 32 34 44 48 33 
 12 19 2007  6  9 15 32 37 48 38 
 12 22 2007  8 17 30 36 40 47 24 
 12 26 2007  8 10 12 14 31 39  9 
 12 29 2007  7 13 16 24 35 42  1 
  1  2 2008  4  6  7 16 32 45 43 
  1  5 2008  3 22 25 36 39 40 41 
  1  9 2008  5 22 25 30 45 46 41 
  1 12 2008  3 10 32 43 44 46 35 
  1 16 2008  7 15 34 39 41 49 22 
  1 19 2008 13 18 22 29 37 49 47 
  1 23 2008  6 10 13 20 32 37 34 
  1 26 2008  1  5 11 37 44 47 36 
  1 30 2008  1 20 21 23 40 41 12 
  2  2 2008  7 11 13 34 46 47  9 
  2  6 2008  2  4 11 30 34 47 42 
  2  9 2008  3 17 26 33 39 46 18 
  2 13 2008 14 24 26 29 41 46 22 
  2 16 2008 19 29 33 35 44 49 22 
  2 20 2008  1  6  8 38 39 40 31 
  2 23 2008  4 14 20 31 32 42 18 
  2 27 2008  2  4 17 33 36 45 35 
  3  1 2008  3  7  9 28 31 43  2 
  3  5 2008 17 20 33 35 37 40 25 
  3  8 2008 11 12 13 16 46 48 28 
  3 12 2008  3 11 22 29 41 44 48 
  3 15 2008  3  9 11 19 30 39 20 
  3 19 2008 23 40 41 42 44 45 43 
  3 22 2008  5  6 10 25 36 38  7 
  3 26 2008  1  6 15 27 33 40 46 
  3 29 2008  4  7 10 12 26 33 24 
  4  2 2008  2  5  8 20 21 33 11 
  4  5 2008 16 18 21 27 36 43 44 
  4  9 2008 20 21 22 29 39 41 25 
  4 12 2008  1 13 23 35 38 42 22 
  4 16 2008 13 25 34 35 47 48 22 
  4 19 2008  5 27 30 32 46 49  9 
  4 23 2008 12 24 25 29 41 45 14 
  4 26 2008  1  2 18 38 42 45 30 
  4 30 2008  3  6 19 23 39 43 14 
  5  3 2008  3  6 15 27 40 44 41 
  5  7 2008 13 22 29 33 46 49 18 
  5 10 2008 13 15 17 26 34 48 25 
  5 14 2008  9 20 22 28 35 42 15 
  5 17 2008  5 21 35 38 47 48 45 
  5 21 2008  3  4  7 19 28 32  6 
  5 24 2008  3 16 22 39 42 49 28 
  5 28 2008  3  4 22 23 26 28  8 
  5 31 2008  2  9 11 22 34 35 26 
  6  4 2008  5 21 25 32 33 41 45 
  6  7 2008 27 29 33 36 46 48 24 
  6 11 2008  2 24 33 35 44 48 37 
  6 14 2008  6  9 14 18 42 44 36 
  6 18 2008  2 12 31 40 44 45 11 
  6 21 2008  6  7 14 16 17 27 32 
  6 25 2008  1 23 29 34 37 45  8 
  6 28 2008  4 16 20 23 28 44 32 
  7  2 2008 12 18 19 35 42 43 44 
  7  5 2008  2  7  8 32 43 49 48 
  7  9 2008  2 25 28 40 45 46 34 
  7 12 2008 15 18 19 21 24 35 37 
  7 16 2008  3 10 16 17 25 39 19 
  7 19 2008 10 20 28 36 40 46 23 
  7 23 2008  7  9 25 35 40 48  1 
  7 26 2008  2  6 20 23 38 45 24 
  7 30 2008  3 10 21 26 38 43 48 
  8  2 2008  2  9 26 44 47 49 34 
  8  6 2008 10 18 22 26 34 38 39 
  8  9 2008  1 34 37 39 40 42 11 
  8 13 2008  1 16 28 29 39 45 23 
  8 16 2008 12 16 19 32 42 49  3 
  8 20 2008  3  6  9 27 28 36 45 
  8 23 2008  3  7 13 30 38 46 24 
  8 27 2008  2 12 25 28 35 48  3 
  8 30 2008  2 26 29 36 37 45 31 
  9  3 2008  5 21 28 32 43 46 13 
  9  6 2008  2  5  9 17 32 35 36 
  9 10 2008  2 15 25 31 38 49 48 
  9 13 2008  5 18 20 26 37 39 14 
  9 17 2008  7  9 17 23 27 32 22 
  9 20 2008  2 10 24 31 33 49  3 
  9 24 2008 10 27 36 40 42 43 37 
  9 27 2008 11 19 29 33 44 46 34 
 10  1 2008  2  8 22 29 34 48 47 
 10  4 2008 12 19 23 25 36 46  2 
 10  8 2008  4 13 19 32 40 45 28 
 10 11 2008  7  8 23 38 39 45 47 
 10 15 2008  7  9 15 21 38 40 13 
 10 18 2008 11 13 26 32 34 44  2 
 10 22 2008  8  9 12 20 42 45 39 
 10 25 2008  4  9 25 26 41 46 40 
 10 29 2008  1  3 26 33 42 46 45 
 11  1 2008 18 25 33 40 42 49 19 
 11  5 2008  4 13 17 27 35 45 34 
 11  8 2008  2  3 19 28 36 45 39 
 11 12 2008 12 30 34 38 39 43 36 
 11 15 2008  8  9 12 16 19 21 47 
 11 19 2008 24 28 34 38 44 45 35 
 11 22 2008  9 21 28 37 44 49 19 
 11 26 2008 11 33 34 42 43 48  7 
 11 29 2008  9 12 16 26 30 37 27 
 12  6 2008  4  8 29 37 40 48 45 
 12 10 2008  6 12 18 27 42 43  7 
 12 13 2008  4 15 34 36 43 47  9 
 12 17 2008 11 18 22 28 30 49 25 
 12 20 2008  4  7  8 10 47 48  6 
 12 24 2008 11 12 29 32 35 43 26 
 12 27 2008  6 10 20 23 45 47 11 
 12 31 2008  5  7 23 33 37 38 26 
  1  3 2009  4 13 17 25 36 48 28 
  1  7 2009 10 13 19 35 39 41  4 
  1 10 2009 11 17 18 25 27 34 19 
  1 14 2009 20 35 36 37 39 49 38 
  1 17 2009  8 12 20 28 39 47 10 
  1 21 2009  8 32 34 39 43 48 25 
  1 24 2009  9 13 20 29 45 46  5 
  1 28 2009  1  6 20 22 24 46 36 
  1 31 2009 14 15 20 28 34 39 41 
  2  4 2009 15 16 22 31 43 44 32 
  2  7 2009 14 20 24 30 34 37 31 
  2 11 2009  1  6 17 19 41 42 31 
  2 14 2009 16 25 29 37 45 49 20 
  2 18 2009 11 17 34 37 41 49  5 
  2 21 2009 11 20 33 34 37 39 22 
  2 25 2009  5 11 26 31 36 39  4 
  2 28 2009  2  8 26 46 48 49 34 
  3  4 2009  7 15 23 25 27 40 43 
  3  7 2009  8 12 14 22 29 49 11 
  3 11 2009  2 18 20 23 24 48 30 
  3 14 2009  4 11 13 16 41 45 35 
  3 18 2009 11 27 29 33 34 44 36 
  3 25 2009  9 16 34 42 44 48 13 
  3 28 2009  6 10 33 39 40 48 43 
  4  1 2009  4  6 24 32 46 48  8 
  4  4 2009 17 20 22 37 40 48 33 
  4  8 2009  2  5 13 24 35 43 18 
  4 11 2009  5  6  7 11 17 34 48 
  4 15 2009  6 13 23 34 41 43 27 
  4 18 2009  4  5 21 33 42 47 24 
  4 22 2009 10 12 21 38 41 42 28 
  4 25 2009  1 11 17 29 31 46 35 
  4 29 2009  8 20 22 29 33 49 48 
  5  2 2009  8 15 17 22 30 40 11 
  5  6 2009  1  4  9 20 30 44 18 
  5  9 2009 14 19 23 31 34 39 24 
  5 13 2009  6 10 24 28 31 46 25 
  5 16 2009 16 17 23 27 30 45 39 
  5 20 2009  4 22 26 29 39 48 31 
  5 23 2009  7  8 15 24 27 32 34 
  5 27 2009  3  4 24 26 29 49 13 
  5 30 2009  1  7 19 21 39 45 42 
  6  3 2009  5  6 14 30 38 39 34 
  6  6 2009 11 12 18 21 30 37  1 
  6 10 2009  9 27 28 40 45 48 24 
  6 13 2009  1 15 20 30 41 48 10 
  6 17 2009  4  5  8 15 19 40 22 
  6 20 2009  4  5 19 28 31 38 34 
  6 24 2009 13 19 23 33 38 48  2 
  6 27 2009  5 15 28 31 32 45 11 
  7  1 2009  2  5 19 26 29 31 28 
  7  4 2009  1 14 23 27 32 44 48 
  7  8 2009 12 32 35 36 37 46 23 
  7 11 2009  9 11 18 23 29 40 26 
  7 15 2009  3  5 16 26 40 45 31 
  7 18 2009  2  4 15 39 45 49 37 
  7 22 2009  8 14 24 36 40 42 19 
  7 25 2009 10 19 29 32 38 44  3 
  7 29 2009  3 23 29 37 44 45 39 
  8  1 2009 13 14 24 31 40 48 44 
  8  5 2009  2  5 12 31 34 48 44 
  8  8 2009 11 22 31 32 40 49 13 
  8 12 2009  7 10 31 32 42 47 30 
  8 15 2009  5  6 15 31 38 39 36 
  8 19 2009  5  6 22 23 25 27 32 
  8 22 2009 15 19 23 38 43 49 33 
  8 26 2009  4  6  9 29 33 49 15 
  8 29 2009  9 10 26 29 32 37 12 
  9  2 2009  4  6  9 30 33 49 13 
  9  5 2009 12 13 27 32 45 46 18 
  9  9 2009  3  6 17 27 28 44 43 
  9 12 2009  3 12 13 36 46 48  9 
  9 16 2009  6 17 36 41 42 49  1 
  9 19 2009  1  7 23 29 30 33  9 
  9 23 2009  4  8 11 12 34 43 22 
  9 26 2009  5  6 14 18 30 35  2 
  9 30 2009  4 10 29 33 39 46  2 
 10  3 2009 14 19 27 32 45 49 34 
 10  7 2009  2  4 12 24 36 38 16 
 10 10 2009  5 11 12 22 23 26 41 
 10 14 2009  4 17 19 22 24 46 30 
 10 17 2009  8 17 24 34 42 46  5 
 10 21 2009  2 11 29 32 48 49 34 
 10 24 2009  5 13 25 34 36 46 41 
 10 28 2009 18 26 32 34 43 44 37 
 10 31 2009  5 24 31 34 35 44 46 
 11  4 2009  2  7  8 18 20 37 12 
 11  7 2009 12 15 18 25 29 32 14 
 11 11 2009  1 19 23 24 25 43  5 
 11 14 2009  1  9 19 25 31 41 42 
 11 18 2009  2  4 13 24 30 42  9 
 11 21 2009 18 25 35 43 46 47  4 
 11 25 2009  5 10 16 19 33 47 24 
 11 28 2009 17 26 27 28 33 49 43 
 12  2 2009  2  4 24 25 47 48 44 
 12  5 2009  8 10 14 22 28 29  2 
 12  9 2009  1 15 17 26 28 38 44 
 12 12 2009 16 20 26 31 38 49 42 
 12 16 2009  4 22 23 46 48 49 18 
 12 19 2009 12 15 19 41 42 49 48 
 12 23 2009  1  5  9 11 22 38 27 
 12 26 2009  5 14 34 38 40 43 36 
 12 30 2009  5  9 23 30 34 36 24 
  1  2 2010 16 22 25 33 39 48 28 
  1  6 2010 10 12 15 23 26 44 30 
  1  9 2010  7  9 10 27 28 40 42 
  1 13 2010 26 28 30 39 40 48 27 
  1 16 2010 12 21 25 30 41 43 48 
  1 20 2010 13 17 25 40 45 47 42 
  1 23 2010 29 35 36 38 41 43 47 
  1 27 2010 14 17 19 21 40 42 26 
  1 30 2010  2 31 32 34 40 49  5 
  2  3 2010  9 24 29 35 37 40 21 
  2  6 2010  4 12 14 15 21 23 13 
  2 10 2010 13 24 30 32 37 48 49 
  2 13 2010  1  9 23 28 37 39 12 
  2 17 2010 14 16 34 41 45 49  5 
  2 20 2010 13 15 18 20 23 26 17 
  2 24 2010  4 13 18 21 22 42  3 
  2 27 2010  4  6 14 23 25 36 27 
  3  3 2010 10 19 23 24 33 38 21 
  3  6 2010  7  9 14 24 25 44 28 
  3 10 2010  8 12 28 30 38 48  2 
  3 13 2010  3 13 15 28 41 47 40 
  3 17 2010  5  6 21 38 42 45 46 
  3 20 2010  9 11 15 34 35 42 47 
  3 24 2010  5 19 27 32 44 46 25 
  3 27 2010  2  4  9 22 43 44 29 
  3 31 2010 27 28 33 37 48 49  5 
  4  3 2010  1  2 13 17 24 39 34 
  4  7 2010  3 10 13 22 34 43 46 
  4 10 2010  7  9 23 25 27 41 15 
  4 14 2010  9 12 20 28 33 46 10 
  4 17 2010  4 11 12 25 42 43 44 
  4 21 2010 12 19 22 36 40 46 17 
  4 24 2010  3 10 14 36 38 40 23 
  4 28 2010  6 24 27 34 36 42 18 
  5  1 2010  4  7 10 22 25 33 49 
  5  5 2010 12 13 15 31 47 49 28 
  5  8 2010  4 10 21 39 45 48 12 
  5 12 2010  8  9 20 26 28 29 38 
  5 15 2010  3  5  8 15 33 35 14 
  5 19 2010 27 28 35 40 43 48 20 
  5 22 2010  7  8 19 23 30 46  4 
  5 26 2010 12 13 33 43 46 49 48 
  5 29 2010 18 32 40 41 47 49  7 
  6  2 2010 15 19 30 31 34 37  7 
  6  5 2010 30 31 32 34 36 49  9 
  6  9 2010 12 13 25 30 37 41 48 
  6 12 2010  3 11 14 20 41 47  9 
  6 16 2010  2  5  9 20 25 32 30 
  6 19 2010 11 18 27 29 32 39  1 
  6 23 2010 16 18 21 36 46 48 47 
  6 26 2010  1 10 16 25 36 38 29 
  6 30 2010  4 14 24 26 34 43  1 
  7  3 2010  9 12 19 29 38 47 18 
  7  7 2010  3  8 18 34 44 49 30 
  7 10 2010 13 14 16 28 34 42 26 
  7 14 2010  4 17 20 31 36 40 37 
  7 17 2010 24 26 28 37 43 48  8 
  7 21 2010 13 14 15 17 28 36 29 
  7 24 2010  3  6 26 32 43 49 29 
  7 28 2010  2 15 27 30 34 36 31 
  7 31 2010  1 35 38 40 47 48 29 
  8  4 2010  5  8 13 22 35 40  9 
  8  7 2010 10 14 18 41 42 47 16 
  8 11 2010  3 10 12 20 26 27 47 
  8 14 2010  9 20 22 23 26 44  5 
  8 18 2010  3  7 12 25 28 37 16 
  8 21 2010  7 10 15 26 36 41 21 
  8 25 2010  5  8 20 26 31 36 15 
  8 28 2010  1  4  7 25 30 45  6 
  9  1 2010 13 32 35 39 46 48  5 
  9  4 2010 11 13 17 18 20 45 41 
  9  8 2010  4  6 11 45 46 47 48 
  9 11 2010  3  9 11 13 27 45  5 
  9 15 2010  6 11 21 26 34 41 24 
  9 18 2010  1 14 17 19 40 42 30 
  9 22 2010 13 19 29 30 33 49  5 
  9 25 2010  7 11 15 30 31 45 23 
  9 29 2010  1  7 19 31 35 44 36 
 10  2 2010  7 13 18 23 26 27 46 
 10  6 2010 10 20 24 32 37 47 49 
 10  9 2010  1  8 15 36 38 49 16 
 10 13 2010  2  3 23 29 34 36 17 
 10 16 2010 20 28 32 36 42 46 21 
 10 20 2010  9 10 14 15 19 29 35 
 10 23 2010  2 13 21 22 40 44 37 
 10 27 2010  2 16 20 23 33 43  6 
 10 30 2010 10 15 24 29 35 38  8 
 11  3 2010 10 11 16 19 28 40  8 
 11  6 2010  2 20 29 33 40 44 25 
 11 10 2010  4  5 17 30 36 38 45 
 11 13 2010  5 15 27 35 38 47 23 
 11 17 2010  3 12 14 16 29 38 23 
 11 20 2010  1 10 13 23 41 43 39 
 11 24 2010  5 11 26 28 35 46 49 
 11 27 2010  4 13 23 24 37 47 45 
 12  1 2010  2 11 12 29 40 42 35 
 12  4 2010  9 12 16 24 25 38 31 
 12  8 2010  1  6  7  8 22 46 17 
 12 11 2010  2  7 13 17 27 41  8 
 12 15 2010  1  5  8 11 29 33 36 
 12 18 2010  5  7 13 33 37 39 44 
 12 22 2010  3  5 10 11 35 45 33 
 12 25 2010  2 12 23 26 27 31 20 
 12 29 2010  6 11 19 21 39 49 28 
  1  1 2011  8 15 39 44 45 49 29 
  1  5 2011  1  3  8 12 32 47 19 
  1  8 2011  5  6 11 16 24 40 10 
  1 12 2011  4  9 15 27 28 46 18 
  1 15 2011 10 15 35 42 44 47 39 
  1 19 2011  7 13 18 21 23 24 48 
  1 22 2011  4  5  9 12 33 36 38 
  1 26 2011  4  6 22 24 31 40 33 
  1 29 2011  3  4 16 35 40 44 32 
  2  2 2011  4 11 18 27 28 46 39 
  2  5 2011 20 25 32 39 40 44 48 
  2  9 2011 17 19 21 33 34 46 47 
  2 12 2011  3 15 22 31 43 47 42 
  2 16 2011 10 15 29 30 44 45 28 
  2 19 2011 10 16 20 26 34 48 40 
  2 23 2011  5  6 15 24 35 48 39 
  2 26 2011  3 16 17 31 33 46 37 
  3  2 2011 27 28 31 41 42 43 46 
  3  5 2011 19 21 27 33 36 38  3 
  3  9 2011  4  7 18 21 41 46 37 
  3 12 2011  6  9 17 23 26 36 42 
  3 16 2011  1  3 15 19 36 37  2 
  3 19 2011  7 25 28 31 36 45 49 
  3 23 2011  5 10 11 21 24 43 32 
  3 26 2011  4  6 21 22 42 43 12 
  3 30 2011  8 15 17 29 36 44 16 
  4  2 2011 16 21 26 28 45 46 49 
  4  6 2011  1  3 23 26 35 38 11 
  4  9 2011 17 23 24 40 45 48 18 
  4 13 2011  3  8 15 20 26 45 12 
  4 16 2011  5  7 11 12 33 39 28 
  4 20 2011 12 15 33 34 38 43 30 
  4 23 2011  1  8 18 27 35 45 47 
  4 27 2011  3  8 31 42 44 48 33 
  4 30 2011  1  6  7 24 30 48  4 
  5  4 2011  8  9 26 39 46 47 38 
  5  7 2011  2 23 24 27 36 48 16 
  5 11 2011 14 20 30 34 37 45 15 
  5 14 2011 12 29 30 36 39 45 20 
  5 18 2011  1 39 42 45 48 49 29 
  5 21 2011  7  8 17 22 24 30 37 
  5 25 2011  5 32 37 38 39 42 22 
  5 28 2011 11 13 17 21 43 49  5 
  6  1 2011 18 23 27 44 46 47 29 
  6  4 2011 19 20 27 29 33 45 41 
  6  8 2011  7 10 21 22 38 39 11 
  6 11 2011  6  7  8  9 20 28 22 
  6 15 2011  2  4 22 25 28 31 17 
  6 18 2011  4  9 14 21 34 45 25 
  6 22 2011  5  7 16 27 37 49 25 
  6 25 2011  4 17 23 31 45 48 29 
  6 29 2011  3 15 23 33 39 47 41 
  7  2 2011  2 16 30 41 44 48 21 
  7  6 2011 14 25 31 36 44 47 37 
  7  9 2011  4  7 23 31 33 36 22 
  7 13 2011  2  8 28 29 34 44 38 
  7 16 2011  2 12 23 35 39 49 44 
  7 20 2011  2 21 23 30 34 42 46 
  7 23 2011  3  5 11 23 33 34 24 
  7 27 2011  2  3 15 23 41 46 10 
  7 30 2011  6  7 10 19 21 45 16 
  8  3 2011  6 17 21 28 31 38 43 
  8  6 2011  9 21 28 31 34 37  2 
  8 10 2011  9 18 24 27 29 43  5 
  8 13 2011 28 35 42 45 46 49 27 
  8 17 2011  7 18 23 24 27 32 26 
  8 20 2011  6 11 18 20 21 34 47 
  8 24 2011 12 15 18 29 33 46 48 
  8 27 2011 11 14 19 20 21 47 45 
  8 31 2011 11 16 25 35 38 41 37 
  9  3 2011 14 15 25 32 41 42 49 
  9  7 2011 10 15 29 32 34 40  6 
  9 10 2011 17 18 25 31 42 49 28 
  9 14 2011 12 26 28 31 33 45 27 
  9 17 2011 15 17 19 23 27 38  7 
  9 21 2011  1 23 30 38 45 48  3 
  9 24 2011  3  8 15 16 20 46 35 
  9 28 2011  2 14 29 32 41 44  3 
 10  1 2011  8 15 24 25 30 35 13 
 10  5 2011  7 10 13 19 26 29 23 
 10  8 2011  7 13 14 16 22 48 32 
 10 12 2011  6  7 12 20 38 40 43 
 10 15 2011 14 24 27 36 39 42  3 
 10 19 2011  9 14 17 20 44 45 33 
 10 22 2011  8 18 20 30 32 46 22 
 10 26 2011  1  2 38 39 40 49 44 
 10 29 2011  5  8 13 16 40 49 20 
 11  2 2011  3 22 32 40 45 48  4 
 11  5 2011 14 18 22 34 36 43  3 
 11  9 2011 12 30 36 37 40 48 32 
 11 12 2011  3  4 20 34 39 48  2 
 11 16 2011 15 25 28 32 35 42 45 
 11 19 2011  3  4 14 18 28 31 47 
 11 23 2011 10 13 15 30 34 44 21 
 11 26 2011  2 18 23 35 47 48  9 
 11 30 2011 12 15 23 36 43 47 40 
 12  3 2011  8 24 34 38 41 42 22 
 12  7 2011  6  8 24 27 31 41 48 
 12 10 2011  3  7 15 35 36 40 13 
 12 14 2011 13 20 22 29 32 33 16 
 12 17 2011  3  5 24 27 38 46 42 
 12 21 2011 12 16 19 34 41 47 20 
 12 24 2011  1 18 25 26 36 39 29 
 12 28 2011  1 22 28 38 47 48 29 
 12 31 2011  2 11 21 28 31 44 36 
  1  4 2012  1  8 11 21 24 41 45 
  1  7 2012  6  8 11 25 28 45  7 
  1 11 2012  9 10 11 18 39 45 23 
  1 14 2012  1  3  7 11 38 40 37 
  1 18 2012  4  7 10 27 37 49 44 
  1 21 2012  9 11 31 34 48 49 41 
  1 25 2012  2 12 20 35 41 49 36 
  1 28 2012  5  6 17 39 44 48 29 
  2  1 2012  2  7  9 18 23 38 14 
  2  4 2012  8 10 12 22 26 28 24 
  2  8 2012  7 22 23 26 40 48 39 
  2 11 2012  6 13 19 32 43 44  9 
  2 15 2012  3 19 21 41 43 47  9 
  2 18 2012  4 12 14 21 22 37 28 
  2 22 2012  1 12 22 35 42 44 40 
  2 25 2012  2 22 30 33 35 42 14 
  2 29 2012  5  6  8  9 11 40 28 
  3  3 2012  9 19 20 31 41 45 42 
  3  7 2012  5  7 39 41 45 46 25 
  3 10 2012  4 17 25 26 39 49 10 
  3 14 2012  6  9 11 12 19 20 47 
  3 17 2012  1  2  9 15 17 37 30 
  3 21 2012 23 27 32 37 38 45 35 
  3 24 2012 11 20 23 28 40 45 14 
  3 28 2012  5 10 12 18 25 45 15 
  3 31 2012 33 35 36 39 48 49 42 
  4  4 2012 18 23 25 26 45 48 16 
  4  7 2012  2 13 16 32 39 44 27 
  4 11 2012  1  2 16 24 36 49 33 
  4 14 2012 14 16 18 20 26 47 13 
  4 18 2012  6 10 11 16 32 36 42 
  4 21 2012  2  8 10 20 28 38 29 
  4 25 2012 15 18 26 33 36 39 35 
  4 28 2012  9 21 22 42 44 48 28 
  5  2 2012 18 19 33 40 44 47 10 
  5  5 2012  5  6 30 32 45 46 41 
  5  9 2012  2  6 15 19 24 38  9 
  5 12 2012  4  5 10 34 37 45  7 
  5 16 2012  2  3 12 15 19 49  5 
  5 19 2012 14 17 21 27 37 46 39 
  5 23 2012  2  3  7 13 32 40  8 
  5 26 2012 23 31 33 38 46 49 17 
  5 30 2012  2 21 36 37 45 47 15 
  6  2 2012  7 22 27 29 33 39 40 
  6  6 2012  8 21 22 26 30 39  7 
  6  9 2012  8 18 29 37 38 44 48 
  6 13 2012  7 11 15 22 37 44 16 
  6 16 2012  1  8 19 26 37 44 16 
  6 20 2012  1  6 10 26 31 38 11 
  6 23 2012 12 19 28 34 36 41  1 
  6 27 2012  4 10 19 24 32 35  1 
  6 30 2012 12 22 31 32 35 47  4 
  7  4 2012 15 20 22 25 27 41 28 
  7  7 2012  3 20 27 29 38 44 45 
  7 11 2012  5  8 14 18 43 49 37 
  7 14 2012 13 17 22 29 36 45 47 
  7 18 2012  1 11 12 17 32 40 14 
  7 21 2012 11 21 35 37 46 47 32 
  7 25 2012  1 20 27 36 40 42 14 
  7 28 2012  6 10 22 30 35 49 17 
  8  1 2012  1 14 17 29 36 37 13 
  8  4 2012  3  8 23 25 29 47 32 
  8  8 2012  6  8 18 20 40 42 36 
  8 11 2012 17 20 22 35 38 48 36 
  8 15 2012  1  6 12 19 24 31  5 
  8 18 2012  7 14 15 23 35 37 36 
  8 22 2012  9 13 19 32 41 49 17 
  8 25 2012  4 12 17 18 34 44 21 
  8 29 2012  3  5  8 14 24 34 38 
  9  1 2012  2  5 20 30 39 45 25 
  9  5 2012 15 21 23 26 28 48  6 
  9  8 2012  1  4  6 24 26 29 12 
  9 12 2012  3 29 33 36 39 45 37 
  9 15 2012  9 10 12 19 24 31 17 
  9 19 2012  7  9 18 22 28 38 26 
  9 22 2012  4 19 22 24 32 33 21 
  9 26 2012  2  5  9 13 22 38 37 
  9 29 2012  2  7 18 20 41 48 29 
 10  3 2012  5 15 20 25 28 33 39 
 10  6 2012 20 24 27 40 44 45 35 
 10 10 2012  8 22 37 40 41 44  4 
 10 13 2012  6 14 26 27 34 46 37 
 10 17 2012  4 20 22 23 42 44 41 
 10 20 2012 13 14 21 24 32 35 18 
 10 24 2012  9 10 11 24 34 42  5 
 10 27 2012 11 15 16 17 31 40  6 
 10 31 2012  4  8 17 23 34 47 30 
 11  3 2012  9 22 34 35 46 47 26 
 11  7 2012 20 36 42 43 45 48  5 
 11 10 2012  6 22 23 41 44 49 48 
 11 14 2012 15 20 29 36 38 42 27 
 11 17 2012  3  4 20 31 41 48 15 
 11 21 2012 10 16 21 31 33 36 27 
 11 24 2012  6 32 35 36 40 45 48 
 11 28 2012  3  6 13 29 36 38 33 
 12  1 2012  7 22 28 32 34 38 20 
 12  5 2012  4 26 34 38 41 46 44 
 12  8 2012  2 12 22 42 43 46  5 
 12 12 2012  6  7 24 27 28 46 44 
 12 15 2012 11 22 36 37 43 48  7 
 12 19 2012  1 13 16 30 33 48 49 
 12 22 2012  8 10 14 16 18 35 43 
 12 26 2012  3  5 26 27 37 39 21 
 12 29 2012  1 26 33 36 45 48 22 
  1  2 2013 10 14 15 39 43 49  9 
  1  5 2013 24 29 34 36 41 42 45 
  1  9 2013 14 17 33 34 43 44  5 
  1 12 2013  6 16 29 30 33 36 15 
  1 16 2013 14 21 27 34 37 38 10 
  1 19 2013  1  4  6 13 20 44 28 
  1 23 2013  2  5 16 25 30 40 19 
  1 26 2013 23 27 35 40 43 44 13 
  1 30 2013  1 14 21 23 29 46 26 
  2  2 2013  4 15 22 27 29 31 47 
  2  9 2013  7 17 30 33 42 49 40 
  2 13 2013 17 18 21 25 35 47 16 
  2 16 2013  3  5 13 33 34 44  8 
  2 20 2013 23 31 41 45 46 49  3 
  2 23 2013  4 12 19 21 26 41 40 
  2 27 2013 11 15 19 25 34 39 22 
  3  2 2013  6 29 31 33 40 43 48 
  3  6 2013  1  5 14 27 30 41  3 
  3  9 2013 15 18 24 28 29 49  2 
  3 13 2013  1  4 11 16 26 46 31 
  3 16 2013  4 14 16 25 45 47 27 
  3 20 2013  9 14 24 43 45 46 22 
  3 23 2013  1  2  7 10 33 38 13 
  3 27 2013  2  8 11 26 27 33 17 
  3 30 2013 26 30 34 35 38 41 48 
  4  3 2013 20 26 27 32 36 46 49 
  4  6 2013 11 19 27 28 30 39 21 
  4 10 2013  1  9 12 29 30 42 22 
  4 13 2013  2 10 17 19 44 47 40 
  4 17 2013 18 25 26 41 45 49 23 
  4 20 2013  1 10 11 19 21 41 27 
  4 24 2013 10 20 30 38 41 44 15 
  4 27 2013  9 28 35 36 48 49  6 
  5  1 2013  1  2 32 33 38 49 42 
  5  4 2013  8  9 13 22 35 36  6 
  5  8 2013 12 21 23 24 38 46 36 
  5 11 2013  2 10 16 21 24 49 30 
  5 15 2013 11 14 21 24 25 43 12 
  5 18 2013  5 24 26 28 33 45 31 
  5 22 2013  1 20 24 33 37 43 42 
  5 25 2013  9 17 32 41 42 44  3 
  5 29 2013 21 28 34 35 48 49 18 
  6  1 2013  2  7 24 37 38 40  9 
  6  5 2013  5 15 19 31 42 47 20 
  6  8 2013  8 11 19 42 46 47 27 
  6 12 2013  4  8 16 25 33 36 21 
  6 15 2013  5  8 13 14 17 30  1 
  6 19 2013  8 23 25 28 34 39 47 
  6 22 2013  3  4  5 12 23 33 27 
  6 26 2013  1  3 23 33 40 48 42 
  6 29 2013  4 11 12 14 25 37 36 
  7  3 2013 16 17 19 22 40 43 10 
  7  6 2013 21 23 24 33 38 44 45 
  7 10 2013  7  8 11 19 25 46 17 
  7 13 2013  2 11 14 22 41 42 13 
  7 17 2013 11 12 16 29 38 43 25 
  7 20 2013  3 20 24 26 37 47 35 
  7 24 2013  2  5 12 22 44 48 10 
  7 27 2013  3 15 17 20 27 43 30 
  7 31 2013  5 15 30 42 46 49 35 
  8  3 2013  2  3  9 17 29 40 41 
  8  7 2013 19 21 29 32 34 47  8 
  8 10 2013  8 23 25 32 33 48 28 
  8 14 2013 14 20 28 31 44 49 34 
  8 17 2013  1  6 13 29 37 39 17 
  8 21 2013  4 12 28 31 39 46 42 
  8 24 2013  2  8 32 36 47 49 33 
  8 28 2013 13 17 19 22 28 46 38 
  8 31 2013  5  6 24 29 35 39 44 
  9  4 2013  2  7 12 21 25 47  6 
  9  7 2013  2  4 15 29 32 40 26 
  9 11 2013 13 21 22 26 35 40 15 
  9 14 2013  6 26 41 42 47 48 31 
  9 18 2013 13 22 23 31 35 45 33 
  9 21 2013  7 19 21 29 31 36 42 
  9 25 2013  5 19 22 29 31 32  7 
  9 28 2013  8 16 18 26 28 37  5 
 10  2 2013  2 10 16 36 40 45 11 
 10  5 2013  2 12 18 26 35 36  7 
 10  9 2013 18 22 24 30 43 48 42 
 10 12 2013  7 12 20 22 26 35 13 
 10 16 2013  3 10 17 18 19 23 38 
 10 19 2013  3  4  6 23 33 44 31 
 10 23 2013  6 12 14 20 21 26 33 
 10 26 2013  3  5 16 20 27 45  7 
 10 30 2013  4  9 24 41 47 48 46 
 11  2 2013  9 12 13 26 35 43  2 
 11  6 2013 21 26 32 34 36 39 28 
 11  9 2013  4  8 30 43 46 48 44 
 11 13 2013  3  8 15 17 29 33 10 
 11 16 2013  9 12 17 20 21 37 31 
 11 20 2013 20 26 35 37 46 48  9 
 11 23 2013  3  5 13 16 44 48  2 
 11 27 2013  8  9 15 23 40 48 19 
 11 30 2013  2 18 22 25 37 39  1 
 12  4 2013 10 12 16 23 41 42 19 
 12  7 2013  2  8 11 15 24 27 44 
 12 11 2013  4 15 28 31 37 44 35 
 12 14 2013 13 18 19 20 35 40 14 
 12 18 2013  2  4 16 20 25 46 23 
 12 21 2013  1  2 10 19 22 44 41 
 12 25 2013  4 18 23 32 34 47 44 
 12 28 2013 13 20 23 34 38 46 18 
  1  1 2014  4  6  7 11 12 40 15 
  1  4 2014  1 15 21 22 38 39 19 
  1  8 2014  1 12 17 22 29 44 35 
  1 11 2014  3 11 15 21 23 33 32 
  1 15 2014  2 15 25 27 38 46 33 
  1 18 2014  2 15 33 36 42 49 13 
  1 22 2014  4 16 18 25 36 40 11 
  1 25 2014  6 15 22 23 41 43 37 
  1 29 2014 17 29 36 39 46 49 30 
  2  1 2014 10 14 18 27 31 48  1 
  2  5 2014  3 16 18 21 28 47  5 
  2  8 2014  2  5 16 36 41 43 25 
  2 12 2014  3 12 16 20 28 31 37 
  2 15 2014  1  8 37 39 44 45 21 
  2 19 2014  2  7 15 24 37 45 13 
  2 22 2014  9 13 19 22 33 34 20 
  2 26 2014 24 25 26 30 34 39  3 
  3  1 2014  3  8 16 23 34 44 41 
  3  5 2014  7 26 31 38 46 47 12 
  3  8 2014 11 16 18 33 34 35 28 
  3 12 2014  6 12 14 17 30 49 16 
  3 15 2014  2  7 11 16 47 48 20 
  3 19 2014 13 24 28 34 45 49 21 
  3 22 2014  3  6 12 14 25 28 36 
  3 26 2014  2 18 35 42 45 47 43 
  3 29 2014 15 22 25 26 42 43  9 
  4  2 2014  9 11 32 36 38 40 26 
  4  5 2014 13 16 17 23 27 37  3 
  4  9 2014  8 12 20 27 32 43 17 
  4 12 2014  2  7 35 36 42 45 30 
  4 16 2014  3 16 26 40 41 49 14 
  4 19 2014  6 15 40 41 42 44  4 
  4 23 2014 22 25 35 40 45 46 38 
  4 26 2014  3 11 12 19 21 29  9 
  4 30 2014  3  9 25 32 35 45 23 
  5  3 2014  1  7 11 17 27 47 34 
  5  7 2014  4  7 12 20 40 49 14 
  5 10 2014 16 23 33 36 48 49 37 
  5 14 2014  2 25 27 28 31 47 20 
  5 17 2014 24 33 35 40 43 49 16 
  5 21 2014 23 34 43 44 47 49 45 
  5 24 2014  5  9 37 43 46 48 14 
  5 28 2014 13 23 28 31 34 38  8 
  5 31 2014 19 28 30 32 37 45 44 
  6  4 2014  7 11 12 13 35 41 18 
  6  7 2014  3 24 28 40 43 48 15 
  6 11 2014  4 27 33 38 41 46 14 
  6 14 2014  7 15 25 38 44 47 10 
  6 18 2014 15 21 22 28 38 45 43 
  6 21 2014 13 20 26 27 31 39 12 
  6 25 2014  1 10 24 28 39 45 43 
  6 28 2014 10 28 32 37 43 46 45 
  7  2 2014 13 20 27 28 47 49 15 
  7  5 2014 11 19 30 33 38 41 24 
  7  9 2014 20 25 28 31 37 41 16 
  7 12 2014  2  3  7 14 41 42 40 
  7 16 2014  1 20 25 27 37 46  7 
  7 19 2014 18 30 38 43 46 47 36 
  7 23 2014 20 29 33 35 38 43  1 
  7 26 2014  6 16 18 30 37 39  7 
  7 30 2014 13 24 25 29 43 45 42 
  8  2 2014  4 10 14 19 36 41 48 
  8  6 2014  8 10 11 21 24 44 12 
  8  9 2014  2 12 30 32 37 40 39 
  8 13 2014  8 16 21 39 44 45 11 
  8 16 2014  9 18 41 42 48 49 10 
  8 20 2014  7  8 10 20 30 31  3 
  8 23 2014 10 17 24 28 31 46 15 
  8 27 2014 20 21 34 42 44 45 35 
  8 30 2014  3 24 25 33 40 48  2 
  9  3 2014  5 13 15 22 45 47 27 
  9  6 2014  4  6 17 28 35 46 18 
  9 10 2014  7 11 13 15 20 44  9 
  9 13 2014  2  7 17 31 39 43 40 
  9 17 2014  3  8 10 19 31 33 40 
  9 20 2014  4 10 20 23 27 45 48 
  9 24 2014 15 28 34 40 41 43  5 
  9 27 2014  2 18 22 27 44 45 49 
 10  1 2014 17 21 27 37 48 49 11 
 10  4 2014  8 13 27 35 45 49  9 
 10  8 2014  9 12 15 17 42 49 34 
 10 11 2014  3  4  6 17 30 34 36 
 10 15 2014  4 11 14 25 30 36 32 
 10 18 2014  6 30 35 37 41 43 22 
 10 22 2014 10 13 24 29 31 32  7 
 10 25 2014 10 20 23 31 33 45 38 
 10 29 2014  6 25 29 34 39 44 22 
 11  1 2014  3  5 26 37 39 45  7 
 11  5 2014 23 29 31 38 40 42 44 
 11  8 2014  3  9 10 28 34 40 46 
 11 12 2014  2 17 20 41 42 44  4 
 11 15 2014  1  3 23 35 41 46 18 
 11 19 2014  5  7 20 25 36 46 24 
 11 22 2014  5  7 20 24 37 49 32 
 11 26 2014  5 10 11 12 32 33 39 
 11 29 2014  9 20 24 26 43 47 45 
 12  3 2014  1  3  4 24 28 36  6 
 12  6 2014 15 17 18 19 34 44 10 
 12 10 2014  1  2  7 16 27 30 18 
 12 13 2014 14 23 25 31 33 38  5 
 12 17 2014  2  5 15 20 38 39 35 
 12 20 2014  9 17 22 35 38 43 15 
 12 24 2014  1  3 21 24 31 46 30 
 12 27 2014  7 22 26 27 42 47 28 
 12 31 2014  6  7  8 29 35 45 12 
  1  3 2015 12 21 28 37 40 43 38 
  1  7 2015 10 16 31 36 38 47 22 
  1 10 2015  1 11 23 25 27 30 43 
  1 14 2015 15 16 17 28 33 44 36 
  1 17 2015  9 15 21 27 35 40  5 
  1 21 2015  3 15 17 35 44 46 23 
  1 24 2015  2  8  9 11 21 39 37 
  1 28 2015  3  4  5  8 33 38 14 
  1 31 2015  9 13 18 20 24 36  5 
  2  4 2015  6  8 10 22 30 43 23 
  2  7 2015 14 16 24 41 42 48 34 
  2 11 2015  1 13 24 29 43 49  8 
  2 14 2015  9 10 15 18 21 37 20 
  2 18 2015  3  6 11 15 20 37 31 
  2 21 2015  3  4  9 14 23 48 26 
  2 25 2015 15 17 25 29 30 35 14 
  2 28 2015  5 14 39 42 46 49 17 
  3  4 2015  2 10 14 19 28 33 48 
  3  7 2015  4 10 15 18 26 41 16 
  3 11 2015  7  9 21 40 44 45 42 
  3 14 2015  9 19 38 40 45 47 13 
  3 18 2015 16 17 37 39 41 45 14 
  3 21 2015  8 22 29 32 33 35  2 
  3 25 2015  6 14 16 29 38 46  5 
  3 28 2015 12 15 21 23 40 48  8 
  4  1 2015  4  7 12 16 22 24 41 
  4  4 2015  2  9 32 33 35 49  4 
  4  8 2015  2  4 14 16 18 19 25 
  4 11 2015  5  8 22 23 27 37 11 
  4 15 2015 11 13 25 34 41 45  4 
  4 18 2015 11 25 33 35 44 49 43 
  4 22 2015  4 24 27 35 38 48 44 
  4 25 2015  7 13 23 25 40 41 48 
  4 29 2015 10 21 34 37 45 49 43 
  5  2 2015  2  8 17 23 40 42 25 
  5  6 2015 13 16 19 24 27 30 48 
  5  9 2015  1 16 21 22 33 43  7 
  5 13 2015  3 16 24 40 41 48 20 
  5 16 2015  1 12 22 25 35 45  9 
  5 20 2015  2  4 12 17 18 47 14 
  5 23 2015  8 23 24 31 35 44 49 
  5 27 2015 23 27 36 41 43 47 35 
  5 30 2015  4  9 17 27 36 49 21 
  6  3 2015 26 28 33 35 37 46 47 
  6  6 2015  8 12 22 35 38 44 27 
  6 10 2015 26 37 40 43 44 45  3 
  6 13 2015  5  8 21 31 40 45 19 
  6 17 2015  6  7 17 18 20 32  4 
  6 20 2015 10 11 30 33 41 44 20 
  6 24 2015  9 13 15 18 21 46 25 
  6 27 2015  7 15 27 31 35 44  2 
  7  1 2015 21 29 32 40 43 44 19 
  7  4 2015 20 22 23 24 39 41 26 
  7  8 2015  3  8 41 43 46 47 49 
  7 11 2015  9 20 25 27 31 32  3 
  7 15 2015 11 18 38 40 43 46 26 
  7 18 2015  2 12 22 28 41 48  5 
  7 22 2015  6  9 13 26 27 46 15 
  7 25 2015 16 28 41 43 47 49 21 
  7 29 2015  1  8 29 31 35 39 23 
  8  1 2015  1  4  7  9 12 37 27 
  8  5 2015  8 23 29 34 35 48 36 
  8  8 2015 21 26 30 31 32 48 18 
  8 12 2015 20 24 27 28 38 48  2 
  8 15 2015  5 11 20 26 29 36 49 
  8 19 2015  8 12 25 38 45 48 39 
  8 22 2015 14 22 31 37 43 49 15 
  8 26 2015  5  7 24 45 46 49 44 
  8 29 2015 13 30 36 40 42 46 22 
  9  2 2015 14 16 23 28 46 48 10 
  9  5 2015 10 21 36 37 42 48 43 
  9  9 2015 15 16 29 30 42 44 37 
  9 12 2015  9 10 26 29 38 42 33 
  9 16 2015  1  2  9 12 21 39 44 
  9 19 2015 12 15 17 21 25 32 14 
  9 23 2015  7 13 19 35 42 44 46 
  9 26 2015  6 13 14 24 32 34 12 
  9 30 2015  1  6  8 13 21 26  3 
 10  3 2015  1  3 15 27 31 36 33 
 10  7 2015  4 10 19 31 38 43  5 
 10 10 2015  8 12 22 27 35 41 16 
 10 14 2015 23 31 32 34 35 44 10 
 10 17 2015  4  5  6 22 29 30 20 
 10 21 2015  8 17 22 33 40 49 27 
 10 24 2015  1 13 28 34 37 45 32 
 10 28 2015  8  9 15 26 37 48 12 
 10 31 2015  3 14 20 28 40 44 48 
 11  4 2015  2  4 20 35 39 42 28 
 11  7 2015  2  3  9 17 20 21 11 
 11 11 2015  8 13 20 24 37 42 22 
 11 14 2015  5  8 23 39 41 48 26 
 11 18 2015  3  8 25 27 36 38 32 
 11 21 2015  7 16 28 29 48 49  9 
 11 25 2015  1  2  3  4 29 48 21 
 11 28 2015  4  7 13 15 27 28 30 
  1  2 2016 10 12 16 20 27 36 25 
  1  6 2016  2 35 37 39 43 44 20 
  1  9 2016  5 22 30 33 45 48 29 
  1 13 2016  6  8 25 39 46 47 28 
  1 16 2016  9 21 29 34 38 42 13 
  1 20 2016  7 19 32 39 40 48 45 
  1 23 2016 21 31 34 37 38 44  9 
  1 27 2016  4 13 24 36 39 41 47 
  1 30 2016  4  5 32 37 38 44 34 
  2  3 2016 20 23 34 38 43 47 15 
  2  6 2016  7 19 25 26 31 44 35 
  2 10 2016  8 13 33 34 38 43 12 
  2 13 2016  2  9 25 27 31 42 18 
  2 17 2016  7 21 28 32 38 42  5 
  2 20 2016  4  8 10 30 33 39 25 
  2 24 2016 14 18 35 38 41 43 15 
  2 27 2016  4 11 20 23 41 45 22 
  3  2 2016 20 27 30 32 34 40  9 
  3  5 2016  7 13 27 33 35 36  5 
  3  9 2016  3  5 11 16 21 45 29 
  3 12 2016  6 27 30 34 35 42 16 
  3 16 2016  1  3  7 16 17 37 35 
  3 19 2016  1 10 11 12 19 27 29 
  3 23 2016  4  6 13 28 29 36  9 
  3 26 2016  9 11 20 22 37 46 47 
  3 30 2016 14 27 28 30 45 46 44 
  4  2 2016  2 15 21 40 41 44 23 
  4  6 2016  1  3  5  8 13 31 21 
  4  9 2016 12 29 34 44 47 49 37 
  4 13 2016 10 14 23 41 42 47 19 
  4 16 2016  9 12 21 37 38 43 31 
  4 20 2016  1  2  7  9 18 27  5 
  4 23 2016 14 29 37 41 48 49 31 
  4 27 2016  3 18 28 29 37 43 47 
  4 30 2016  1  7 18 28 30 34 48 
  5  4 2016  4 16 19 22 36 40 21 
  5  7 2016  6  8 25 31 32 33  1 
  5 11 2016  4 23 25 36 47 48  3 
  5 14 2016  8 21 24 33 41 46 29 
  5 18 2016  4 11 21 25 44 47  3 
  5 21 2016  6 10 37 39 42 48 28 
  5 25 2016  4 17 18 24 29 39 21 
  5 28 2016 18 29 31 36 43 47 23 
  6  1 2016  2 10 14 23 26 31 12 
  6  4 2016  3  4  6 10 18 26 14 
  6  8 2016  6 23 34 35 38 44 21 
  6 11 2016  9 28 36 37 40 46 47 
  6 15 2016  7 16 22 27 35 49 11 
  6 18 2016  7  8 22 32 40 45 25 
  6 22 2016  5 15 17 18 37 42 44 
  6 25 2016  4  5  6  8 39 42 30 
  6 29 2016  8 11 20 24 41 42 47 
  7  2 2016  1 16 28 33 39 45 13 
  7  6 2016  7 12 22 35 39 43 13 
  7  9 2016 23 28 30 32 42 44 24 
  7 13 2016  2  7 25 30 34 36  6 
  7 16 2016 15 25 26 33 38 47 27 
  7 20 2016 14 15 16 43 44 46 38 
  7 23 2016  7 18 34 41 48 49 29 
  7 27 2016  6  7  9 39 47 49 15 
  7 30 2016  4  5  9 19 22 23 16 
  8  3 2016 23 30 38 40 43 45 10 
  8  6 2016  2  7 22 26 32 38 20 
  8 10 2016  6 25 26 29 37 43 41 
  8 13 2016  3  4 15 17 38 47 36 
  8 17 2016  2 12 19 38 41 47 46 
  8 20 2016 11 20 26 32 39 43 49 
  8 24 2016  4 17 22 30 36 38  3 
  8 27 2016  3 14 16 33 47 48 29 
  8 31 2016  8 10 17 36 39 44 40 
  9  3 2016  1 15 17 20 23 43 44 
  9  7 2016  4  8 30 31 35 43 42 
  9 10 2016  6 13 22 39 40 41 27 
  9 14 2016  3  5 17 18 35 46 10 
  9 17 2016 14 16 25 39 45 47 26 
  9 21 2016  6 21 33 36 39 46 24 
  9 24 2016  2  5 17 23 33 47  9 
  9 28 2016  8 11 14 19 42 49 24 
 10  1 2016  7 18 22 31 38 39  2 
 10  5 2016  1  3 31 32 39 49 48 
 10  8 2016  3 27 33 38 42 48 32 
 10 12 2016  8 28 31 40 42 47 37 
 10 15 2016  8 29 30 37 41 44  6 
 10 19 2016  4 21 28 33 38 41 23 
 10 22 2016 13 24 29 31 33 47 43 
 10 26 2016 15 17 24 27 42 47 39 
 10 29 2016 21 25 26 29 36 45 38 
 11  2 2016  4  7  9 21 25 42 49 
 11  5 2016 11 17 26 27 37 48 31 
 11  9 2016  6  9 30 37 43 49 18 
 11 12 2016  2  4  6 22 25 42 44 
 11 16 2016  3  5  6  9 33 47 19 
 11 19 2016  9 11 21 26 28 45 49 
 11 23 2016  6 12 13 21 31 42 22 
 11 26 2016 13 14 31 39 42 45 44 
 11 30 2016 15 16 20 24 26 31 37 
 12  3 2016  3  4  7 19 30 48 21 
 12  7 2016  6  7 12 32 34 46 33 
 12 10 2016  3 37 40 41 47 49  6 
 12 14 2016 20 22 40 41 42 47 15 
 12 17 2016  9 16 26 27 32 34 37 
 12 21 2016 16 27 30 38 47 49  8 
 12 24 2016 15 20 23 27 39 48 34 
 12 28 2016  1  5 10 15 40 41 27 
 12 31 2016  3  5 14 18 26 28 40 
  1  4 2017  2 11 13 23 35 48 30 
  1  7 2017  1 10 18 19 23 27 48 
  1 11 2017 24 34 36 38 42 43 30 
  1 14 2017  1  6 19 30 32 44 33 
  1 18 2017 10 17 20 24 33 35 28 
  1 21 2017  8 22 23 36 40 42  5 
  1 25 2017  2 14 19 28 42 44 34 
  1 28 2017  9 10 23 28 41 47 17 
  2  1 2017  5  9 11 36 42 43 41 
  2  4 2017  2  8  9 13 41 44 27 
  2  8 2017  3  4  8 12 13 46 26 
  2 11 2017 10 11 21 28 38 44 17 
  2 15 2017  1 16 17 24 41 46 22 
  2 18 2017 11 13 14 20 43 49 25 
  2 22 2017  9 21 25 26 31 41 11 
  2 25 2017 21 23 31 33 38 42 22 
  3  1 2017  6 14 17 18 31 43 38 
  3  4 2017  5 16 24 31 38 47 42 
  3  8 2017 10 17 24 28 35 36 40 
  3 11 2017  6 10 11 23 42 47 44 
  3 15 2017 16 17 21 34 37 46  3 
  3 18 2017  6 16 29 33 41 48 23 
  3 22 2017  2  3  5 27 40 46 28 
  3 25 2017  5  9 14 24 30 35 21 
  3 29 2017  3 12 16 17 22 30 48 
  4  1 2017 27 40 41 42 45 46 20 
  4  5 2017  3 10 19 30 44 48 40 
  4  8 2017  4  9 10 15 38 39 49 
  4 12 2017  7 19 37 38 41 42 11 
  4 15 2017 11 19 22 23 41 46  5 
  4 19 2017  4 11 21 24 44 49 41 
  4 22 2017  4  7 15 16 43 48 26 
  4 26 2017  9 10 11 13 45 49 24 
  4 29 2017 10 23 26 40 45 46 12 
  5  3 2017  1  5  7 16 28 46 30 
  5  6 2017  6  7  9 11 34 38  8 
  5 10 2017  6  7  8 21 27 38 23 
  5 13 2017 18 19 22 26 30 47 43 
  5 17 2017  9 17 36 38 41 45 39 
  5 20 2017  5  8 10 20 33 34 45 
  5 24 2017  3  5  9 22 37 46 10 
  5 27 2017  7 15 25 26 27 36 12 
  5 31 2017  1  3  8  9 12 40  2 
  6  3 2017  7 12 32 36 40 44 45 
  6  7 2017 16 19 23 30 33 40 46 
  6 10 2017  3  4 21 31 33 48 26 
  6 14 2017 17 24 26 27 35 49 33 
  6 17 2017  5  6 18 21 36 44 32 
  6 21 2017  2 12 34 39 41 45 21 
  6 24 2017  3 11 16 40 43 46 36 
  6 28 2017  8 21 25 34 46 48  4 
  7  1 2017 15 16 22 33 37 41 27 
  7  5 2017  4  9 33 36 47 49 10 
  7  8 2017 20 25 26 32 34 36  9 
  7 12 2017 12 13 30 41 45 49 16 
  7 15 2017 10 12 27 29 34 48 39 
  7 19 2017  2  5 10 11 27 39 48 
  7 22 2017  5  8 17 32 38 45 18 
  7 26 2017  1  2 18 26 36 44 49 
  7 29 2017 12 15 17 31 47 49 26 
  8  2 2017 13 16 24 25 38 43 48 
  8  5 2017 18 21 36 41 45 47 17 
  8  9 2017 16 23 28 38 41 43 19 
  8 12 2017  5  8 13 25 33 45 38 
  8 16 2017 25 29 30 31 33 47 34 
  8 19 2017  2 13 27 45 48 49 19 
  8 23 2017  9 15 24 33 40 46 38 
  8 26 2017  5  7 32 38 40 46 47 
  8 30 2017 21 23 31 33 36 38  9 
  9  2 2017  9 19 26 27 42 46 21 
  9  6 2017  9 15 18 21 24 28 14 
  9  9 2017  5  9 18 29 39 47 35 
  9 13 2017 18 22 24 28 29 33  7 
  9 16 2017  9 17 19 26 37 47 13 
  9 20 2017  6 17 29 37 45 47 39 
  9 23 2017  4 11 15 20 35 47 25 
  9 27 2017  2 16 19 20 23 34  9 
  9 30 2017  6 27 33 38 40 47 16 
 10  4 2017  4  6 10 11 20 35 43 
 10  7 2017  8 22 28 40 46 49  9 
 10 11 2017 18 24 32 36 37 44  9 
 10 14 2017 16 22 28 29 32 34 43 
 10 18 2017 11 25 33 35 40 42 15 
 10 21 2017  3 24 26 30 34 49 47 
 10 25 2017  6 31 37 40 41 42 44 
 10 28 2017  8 15 25 30 31 32  1 
 11  1 2017  1 23 29 32 45 49 16 
 11  4 2017  1  3  6 21 22 33 19 
 11  8 2017 22 24 25 32 39 42 45 
 11 11 2017 15 21 24 31 37 42 32 
 11 15 2017 18 25 29 30 36 48 47 
 11 18 2017  9 16 18 22 23 40 13 
 11 22 2017 26 28 31 36 38 45 18 
 11 25 2017 16 17 21 31 39 49 29 
 11 29 2017 11 18 27 33 37 43 20 
 12  2 2017 10 12 29 33 47 48 24 
 12  6 2017  6  9 16 19 21 28 35 
 12  9 2017  8 10 11 14 19 33 30 
 12 13 2017 12 29 30 40 45 48 27 
 12 16 2017  2 13 24 26 31 41 40 
 12 20 2017  3  4 28 30 34 41 31 
 12 23 2017  8 11 22 29 39 40 30 
 12 27 2017  4  7 10 14 27 31  1 
 12 30 2017  8 12 23 25 45 47 43 
  1  3 2018  3 13 20 35 37 39 14 
  1  6 2018 12 25 36 39 42 45 29 
  1 10 2018  9 10 19 23 28 49 15 
  1 13 2018 21 26 32 40 42 44 12 
  1 17 2018  6 24 34 39 43 44  8 
  1 20 2018  6 10 14 27 30 40  5 
  1 24 2018  9 20 21 28 34 35 33 
  1 27 2018  7  8 13 24 28 35 26 
  1 31 2018  1  7 27 31 34 39  3 
  2  3 2018 10 13 16 23 36 44 42 
  2  7 2018  3  8 11 18 28 45  6 
  2 10 2018 18 20 21 22 30 33 26 
  2 14 2018  8 15 17 22 30 43 13 
  2 17 2018 18 29 31 36 47 48 17 
  2 21 2018 10 11 24 25 30 49 47 
  2 24 2018  3 13 19 26 33 44  5 
  2 28 2018  3 14 36 38 40 48 23 
  3  3 2018 12 17 25 30 32 39 47 
  3  7 2018  6 30 33 38 45 46 40 
  3 10 2018  2 10 28 43 44 48 39 
  3 14 2018  1  9 10 19 33 43 21 
  3 17 2018 16 17 35 43 44 46 49 
  3 21 2018  1  5  9 12 39 41 28 
  3 24 2018  9 11 28 30 45 49  5 
  3 28 2018 11 12 19 24 28 46 39 
  3 31 2018  3  7 22 26 43 47 48 
  4  4 2018  6  8  9 13 34 40  4 
  4  7 2018 18 22 36 40 47 49 32 
  4 11 2018  3  7 10 32 41 43 33 
  4 14 2018  1 11 19 36 48 49  9 
  4 18 2018 12 17 19 22 27 39 38 
  4 21 2018 12 19 20 30 41 49  9 
  4 25 2018 10 14 15 16 40 46  6 
  4 28 2018 24 31 33 34 44 46 10 
  5  2 2018  4  7 28 36 37 49 21 
  5  5 2018  4 18 24 26 33 48 34 
  5  9 2018 15 17 21 24 36 37 32 
  5 12 2018  6 17 21 34 37 44 13 
  5 16 2018 19 21 28 30 39 46  7 
  5 19 2018 14 15 28 34 38 44 30 
  5 23 2018  4  9 15 20 42 44 31 
  5 26 2018 12 13 16 23 39 44  2 
  5 30 2018  9 14 17 21 38 39 22 
  6  2 2018  2 26 32 40 45 49 29 
  6  6 2018 10 15 23 38 40 41 35 
  6  9 2018 19 25 31 36 46 47 26 
  6 13 2018  6 22 24 31 32 34 16 
  6 16 2018  2 15 21 31 38 49  8 
  6 20 2018 14 24 31 35 37 48 17 
  6 23 2018  8 11 31 36 41 45 40 
  6 27 2018  4  6 10 13 14 28 47 
  6 30 2018  2  3  7 11 16 20 17 
  7  4 2018  6 25 37 44 47 49 26 
  7  7 2018  1  3 25 40 44 47  2 
  7 11 2018  1  9 11 38 45 48 25 
  7 14 2018  8 10 12 17 22 37 29 
  7 18 2018  3 14 16 19 44 48  1 
  7 21 2018  2  9 22 26 27 30 41 
  7 25 2018  2  7 15 31 33 42 20 
  7 28 2018  5 11 17 20 28 45  7 
  8  1 2018 13 19 22 29 36 42 35 
  8  4 2018  3  9 11 21 24 45 43 
  8  8 2018  9 18 21 22 29 37 17 
  8 11 2018  2  9 16 27 38 41 34 
  8 15 2018  2 17 25 27 37 42 29 
  8 18 2018  6  8  9 11 18 48 13 
  8 22 2018  3  4 19 30 37 40 10 
  8 25 2018  3  6 12 24 43 49 46 
  8 29 2018  7  8 14 23 35 40 39 
  9  1 2018  8 12 15 34 37 44 45 
  9  5 2018  4  6 15 32 36 47 48 
  9  8 2018  8 10 31 41 46 47 45 
  9 12 2018 14 21 27 32 35 43 41 
  9 15 2018  3  4 18 24 32 36 19 
  9 19 2018  3  9 15 17 23 45 18 
  9 22 2018 19 34 36 39 40 49  2 
  9 26 2018  5  7  9 35 42 45 31 
  9 29 2018  1  6  7 10 31 49 39 
 10  3 2018 15 32 38 40 44 45  2 
 10  6 2018 20 23 24 33 37 48 22 
 10 10 2018  3 15 16 20 22 23 24 
 10 13 2018 25 27 31 41 44 45 16 
 10 17 2018 10 32 37 45 46 47  6 
 10 20 2018  4 12 16 25 30 31  8 
 10 24 2018  4 11 19 23 24 34 20 
 10 27 2018 10 18 21 29 35 37 24 
 10 31 2018  4  9 11 15 25 27  5 
 11  3 2018  7  8 24 32 42 48 45 
 11  7 2018  2 10 13 16 31 43  8 
 11 10 2018  6  9 16 20 31 41 49 
 11 14 2018  5 10 20 23 35 42 44 
 11 17 2018  5 17 18 34 44 45 27 
 11 21 2018  2 10 13 25 40 42 38 
 11 24 2018  9 10 23 37 45 49 18 
 11 28 2018  3 17 21 29 47 49  7 
 12  1 2018 10 14 16 27 33 47 30 
 12  5 2018 11 13 18 23 26 46 12 
 12  8 2018  4 13 25 33 41 49  1 
 12 12 2018 10 13 23 27 31 42 17 
 12 15 2018 11 12 22 36 46 47  7 
 12 19 2018  1  9 31 32 34 45  5 
 12 22 2018 11 16 17 22 25 33 40 
 12 26 2018  2 14 27 36 38 48 40 
 12 29 2018 11 16 17 22 29 47 32 
  1  2 2019 13 18 19 36 37 43 49 
  1  5 2019  4 10 38 40 45 48 43 
  1  9 2019  1 10 27 38 44 47 41 
  1 12 2019 10 13 21 30 46 48 23 
  1 16 2019  4 10 11 34 46 48 23 
  1 19 2019  2 13 32 39 44 49 10 
  1 23 2019  3 19 20 26 31 38  6 
  1 26 2019  3  7 10 12 14 25 38 
  1 30 2019  3  7 27 37 43 48 45 
  1 30 2019  3  7 27 37 43 48 45 
  2  2 2019 14 16 25 29 30 48 12 
  2  6 2019  1 16 27 28 38 39  9 
  2  9 2019  1 34 35 41 42 49 18 
  2 13 2019  5 19 24 29 36 41  9 
  2 16 2019  3  9 10 20 21 35 31 
  2 20 2019 21 22 23 30 33 43 42 
  2 23 2019  5  6 10 43 46 47 27 
  2 27 2019  4 13 22 25 29 39  6 
  3  2 2019  4 14 21 29 41 49 25 
  3  6 2019  1  3 18 19 22 37 30 
  3  9 2019 22 23 26 34 42 48  3 
  3 13 2019  4 13 18 21 26 31 33 
  3 16 2019  9 12 15 20 25 45 16 
  3 20 2019  2  8 17 21 22 28  5 
  3 23 2019  3  6 20 22 23 24 19 
  3 27 2019 16 19 22 28 34 48 49 
  3 30 2019  7 14 18 26 31 32  3 
  4  3 2019 12 17 29 25 40 47 23 
  4  6 2019  6 19 20 27 28 49 34 
  4 10 2019 10 16 23 38 39 48 33 
  4 13 2019  4  5 15 23 28 46 12 
  4 17 2019 10 11 20 26 38 43  3 
  4 20 2019 11 15 32 34 44 47  3 
  4 24 2019  6 10 16 17 41 43 18 
  4 27 2019  5  6 11 16 19 27 24 
  5  1 2019 23 27 28 34 38 43 48 
  5  4 2019  3  4 12 21 41 49  5 
  5  8 2019 18 19 22 30 41 48 47 
  5 11 2019  3 12 26 27 34 48 29 
  5 15 2019  5  6 22 40 42 47 17 
  5 18 2019  7  8 13 27 28 34  2 
  5 22 2019 13 19 22 25 32 35 48 
  5 25 2019 12 19 22 25 45 49 28 
  5 29 2019  4  5 15 38 41 42 36 
  6  1 2019 16 29 34 35 47 49 10 
  6  5 2019  6 21 35 46 48 49 14 
  6  8 2019  9 12 15 20 24 43 36 
  6 12 2019 22 29 31 38 47 48 10 
  6 15 2019 10 19 24 30 35 49 32 
  6 19 2019 21 31 41 45 46 47 39 
  6 22 2019 15 16 34 35 38 44 43 
  6 26 2019  4 10 17 24 26 33  2 
  6 29 2019  2  6 19 21 29 46 15 
  7  3 2019 13 21 26 30 38 39 19 
  7  6 2019 10 29 38 39 40 43 45 
  7 10 2019  7 15 22 28 43 49 45 
  7 13 2019  5 11 12 33 37 45  2 
  7 17 2019 21 24 33 36 41 42  3 
  7 20 2019  4 21 30 41 44 46 47 
  7 24 2019  2  8 10 18 37 48 17 
  7 27 2019  1  3  5 34 38 43 49 
  7 31 2019  2 11 19 35 39 48 17 
  8  3 2019  4 14 17 22 26 31 18 
  8  7 2019  5  8  9 19 28 31 18 
  8 10 2019  2  3 20 33 48 49 32 
  8 14 2019  9 14 18 31 32 41 38 
  8 17 2019  4 31 34 39 41 48 43 
  8 21 2019  1  2  4 32 38 39 21 
  8 24 2019  3  7  8 14 20 24 31 
  8 28 2019  1 10 18 39 43 47 26 
  8 31 2019  2 21 22 24 48 49 23 
  9  4 2019  1  4  5 17 21 29 46 
  9  7 2019 25 28 37 38 42 49 34 
  9 11 2019  2  4 27 36 45 49 41 
  9 14 2019  6 13 28 29 35 43 25 
  9 18 2019  3 10 15 23 45 47 17 
  9 21 2019  1  2  4 32 38 39 21 
  9 25 2019 16 25 28 29 39 47 17 
  9 29 2019  1  4  5  7 21 40 41 
 10  2 2019 20 28 29 41 45 46 27 
 10  5 2019 14 15 35 38 42 46 12 
 10  9 2019  5 14 18 33 40 44 15 
 10 12 2019 13 16 25 32 33 41  2 
 10 16 2019  2  4  9 24 44 45 18 
 10 19 2019  2 16 28 47 48 49 35 
 10 23 2019 16 19 24 29 31 36  8 
 10 26 2019  4 12 15 26 43 44  2 
 10 30 2019 23 30 33 34 41 45 31 
 11  2 2019  8 16 19 20 39 43 28 
 11  6 2019  6  8 13 14 35 40 26 
 11  9 2019 12 31 36 37 46 49 43 
 11 13 2019  1 19 31 44 46 49  3 
 11 16 2019  2  3  4 11 27 47 17 
 11 20 2019  4 20 29 30 36 45 22 
 11 23 2019 16 19 24 29 31 36  8 
 11 27 2019 13 15 16 20 39 42 27 
 11 30 2019  1  8 18 24 30 45 13 
 12  4 2019  2  3  4 10 21 43 19 
 12  7 2019 18 32 36 37 38 45 13 
 12 11 2019  7 17 21 34 47 48 27 
 12 14 2019  9 12 17 23 41 44  3 
 12 18 2019 18 22 25 36 38 44  8 
 12 21 2019 16 18 19 45 47 48 21 
 12 25 2019 17 24 28 33 36 45 48
 12 28 2019  2  4 12 18 29 41 30 
